dihedral_0-1-2-3
-4.718535412957118
-5.315270080529451
1.6953175497007973
-2.5852797134252103
0.3078496070483882
0.5537349510430376
-1.4087733463050431
-1.7350524803224554
-1.5893586509241613
-0.6223008264765878
-3.1141497380933925
3.021240645928706
-0.26510639043343237
-1.3383676505002748
1.621199797043828
0.6062078954355813
2.009422904820854
-0.8039226477012746
0.07062768200709899
2.191998985260862
-6.078570832047349
0.6520702895913619
-3.790346182310867
-1.6361658788771356
-1.4884404693771107
-2.458856310125344
-0.33211823856078915
