0
2.6666666666666665
5.333333333333333
8
10.666666666666666
13.333333333333332
16
18.666666666666664
21.333333333333332
24
26.666666666666664
29.333333333333332
32
34.666666666666664
37.333333333333329
40
42.666666666666664
45.333333333333329
48
50.666666666666664
53.333333333333329
56
58.666666666666664
61.333333333333329
64
66.666666666666657
69.333333333333329
72
74.666666666666657
77.333333333333329
80
82.666666666666657
85.333333333333329
88
90.666666666666657
93.333333333333329
96
98.666666666666657
101.33333333333334
104
106.66666666666667
109.33333333333334
112
114.66666666666667
117.33333333333334
120
122.66666666666667
125.33333333333334
128
130.66666666666669
133.33333333333334
136
138.66666666666669
141.33333333333334
144
146.66666666666669
149.33333333333334
152
154.66666666666669
157.33333333333334
160
162.66666666666669
165.33333333333334
168
170.66666666666666
173.33333333333334
176
178.66666666666666
181.33333333333334
184
186.66666666666666
189.33333333333334
192
194.66666666666666
197.33333333333334
200
