-2.77472429e+00
-2.86459457e+00
-2.91172118e+00
-2.99277898e+00
-2.95259182e+00
-3.07821687e+00
-2.98887817e+00
-3.00621759e+00
-2.94858305e+00
-3.11750877e+00
-3.01904741e+00
-2.89007346e+00
-2.93262691e+00
-2.92982457e+00
-2.88171478e+00
-2.73920559e+00
-2.58983517e+00
-2.63928841e+00
-2.36664339e+00
-2.41143109e+00
-2.17482612e+00
-2.01310090e+00
-1.68129872e+00
-1.70727203e+00
-1.28939317e+00
-1.15288407e+00
-6.63341078e-01
-6.41433408e-01
-2.14426974e-01
-1.05359398e-01
4.33549046e-01
7.02937016e-01
9.27878535e-01
1.46738157e+00
1.57996746e+00
1.95465225e+00
2.13617104e+00
2.12929871e+00
2.53675194e+00
2.69463136e+00
2.60749407e+00
2.92720353e+00
2.82902045e+00
2.98166238e+00
2.45762021e+00
2.29256862e+00
2.34055932e+00
2.33653222e+00
2.07892273e+00
1.60659479e+00
1.65016777e+00
1.65096506e+00
1.31880513e+00
5.80529786e-01
1.24489123e+00
4.75882066e-01
1.50441370e-01
-2.08957938e-01
1.26292764e-01
-7.21235967e-02
-2.73901899e-01
-5.73325139e-01
-3.58844702e-01
-6.40332532e-01
-7.85344232e-01
-1.14061611e+00
-1.37435775e+00
-8.26750172e-01
-8.96218836e-01
-8.59975784e-01
-9.33672095e-01
-1.35832089e+00
-7.77644734e-01
-1.01427042e+00
-1.61283838e+00
-1.13392183e+00
-1.04213771e+00
-1.14481177e+00
-1.42673475e+00
-6.82293017e-01
-8.25028891e-01
-7.69326976e-01
-1.14524575e+00
-1.20832876e+00
-7.98936974e-01
-5.01967324e-01
-3.30984242e-01
-4.59286941e-01
-3.90145235e-01
-7.97158700e-01
1.58904001e-01
2.62100867e-02
1.73727285e-01
-1.28979160e-01
6.82829083e-01
5.30950230e-01
-1.36513552e-01
1.45391825e+00
-1.09316554e-02
4.00331920e-01
