-2.75734594e+00
-2.76805997e+00
-2.62697037e+00
-2.71829299e+00
-2.75086147e+00
-2.82739040e+00
-2.74016053e+00
-2.85135968e+00
-2.71469218e+00
-2.72687787e+00
-2.78839901e+00
-2.73002020e+00
-2.67461269e+00
-2.69994876e+00
-2.60465698e+00
-2.53599981e+00
-2.47169006e+00
-2.45785673e+00
-2.40243409e+00
-2.14374494e+00
-1.97736170e+00
-1.90585383e+00
-1.47539490e+00
-1.50832180e+00
-1.49400206e+00
-1.08878873e+00
-7.84389689e-01
-6.12934836e-01
-5.01670826e-01
-3.01508959e-02
1.29226430e-02
7.32822764e-01
7.93432057e-01
1.00660655e+00
1.37720036e+00
1.38295972e+00
1.92508993e+00
1.76737062e+00
2.36864270e+00
2.51110442e+00
2.28820903e+00
2.14321070e+00
2.67497051e+00
2.53183146e+00
2.11442807e+00
2.42717775e+00
2.05197691e+00
2.24398306e+00
1.67788607e+00
1.58428312e+00
1.32278713e+00
1.49040587e+00
1.04618048e+00
7.39215565e-01
8.39880335e-01
6.43536449e-01
4.09575067e-01
1.02050461e-01
1.25146635e-01
-6.20652230e-02
-5.11235016e-02
-2.17692154e-01
-5.73598827e-01
-2.99885053e-01
-5.49905997e-01
-7.26550350e-01
-1.28030404e+00
-7.71285410e-01
-7.91927991e-01
-1.05813253e+00
-9.18895637e-01
-1.12597910e+00
-8.54634583e-01
-9.35927502e-01
-8.38338563e-01
-9.43374244e-01
-1.17203037e+00
-1.24601935e+00
-9.43943124e-01
-9.48493798e-01
-1.10448067e+00
-6.61783177e-01
-6.69519338e-01
-5.69093409e-01
-6.47987723e-01
-6.32258338e-01
-2.15860176e-01
-4.09881933e-01
-2.49642867e-01
-1.61987380e-01
-3.17984370e-02
9.47748393e-02
2.83391659e-01
8.02023730e-02
6.01142798e-01
-2.05405245e-02
1.02143221e-01
1.60454338e-01
-1.94284502e-01
9.25619533e-01
