-2.83647258e+00
-3.03203977e+00
-2.95912698e+00
-2.92525490e+00
-3.11479258e+00
-3.07880108e+00
-3.05960851e+00
-3.15112224e+00
-3.04740525e+00
-3.09737808e+00
-2.92621192e+00
-3.00416817e+00
-3.06588072e+00
-2.83279540e+00
-2.87040892e+00
-2.76595676e+00
-2.62916113e+00
-2.60460734e+00
-2.44744796e+00
-2.33002008e+00
-2.22705026e+00
-1.97626302e+00
-1.68758943e+00
-1.59739423e+00
-1.44653234e+00
-1.10415764e+00
-1.03688932e+00
-5.25724969e-01
-2.41356030e-01
1.53515189e-01
6.38208282e-01
8.47075701e-01
1.10659858e+00
1.46544250e+00
1.64899020e+00
1.96373877e+00
2.37725469e+00
1.98666405e+00
2.65739118e+00
2.59024713e+00
2.83740521e+00
2.68542569e+00
2.64422088e+00
3.04501397e+00
2.57872304e+00
2.51780078e+00
2.37567716e+00
2.15523966e+00
2.07278135e+00
1.92037922e+00
1.71944281e+00
1.35517526e+00
1.32505168e+00
9.49743742e-01
9.77625573e-01
7.60407473e-01
4.96314166e-01
9.54729248e-02
1.05468901e-01
1.03384859e-01
-1.49750981e-01
-5.30123291e-01
-5.12029038e-01
-4.64441545e-01
-8.29902069e-01
-8.59937901e-01
-1.36382392e+00
-9.88354970e-01
-1.07611867e+00
-1.10809035e+00
-1.25741192e+00
-9.79706446e-01
-9.29268231e-01
-1.21328383e+00
-1.32178475e+00
-9.69095913e-01
-1.49189137e+00
-9.58971130e-01
-1.24837367e+00
-1.17570647e+00
-9.49235214e-01
-9.18400516e-01
-9.47187870e-01
-8.09354015e-01
-3.18008939e-01
-7.33124953e-01
-7.39330993e-01
-2.51443153e-01
-1.26895239e-01
-1.63945997e-01
-5.62625409e-02
-1.89679497e-02
9.82921588e-02
3.29490313e-01
-3.90203777e-01
4.15904935e-01
1.32170116e+00
-8.64623313e-02
5.40799637e-01
2.02707527e-01
