1.85062482e-01
7.01778508e-02
7.11420408e-02
1.28555741e-01
3.96982493e-02
-4.07226778e-02
1.87385076e-01
1.61046046e-01
-8.03502167e-02
-4.38204951e-02
1.05095610e-01
1.81075109e-01
1.86968893e-02
4.07179445e-02
2.79692257e-01
-1.32649167e-01
-2.85543903e-02
8.60321901e-02
2.04556771e-01
1.40172992e-01
9.16050131e-02
9.74184334e-02
-9.88899982e-04
4.57627736e-02
8.49668973e-02
-4.21788384e-02
-5.82682256e-02
-4.06277895e-02
-1.18988934e-01
4.11827089e-02
1.85968554e-01
3.22855476e-02
-3.48024395e-01
1.15416111e-01
-1.59043607e-01
1.55545490e-02
-3.81174698e-02
1.72985653e-01
1.63232378e-02
-4.13627189e-02
3.03200108e-02
8.39095442e-02
2.75702627e-02
3.41341316e-01
-1.71113851e-01
-9.74673015e-02
8.16051098e-02
-1.20500199e-01
3.50512579e-02
-4.29854216e-02
-1.57689949e-01
2.18414134e-01
-1.09991737e-01
9.74370478e-02
-2.43662461e-01
2.41982305e-02
-1.33032473e-01
7.40729492e-02
6.44166229e-02
-2.02196502e-01
1.41499294e-01
-3.12060377e-01
-4.61805194e-03
-2.75606397e-01
7.88496266e-02
-1.17216486e-01
-2.09299674e-01
2.65166772e-01
1.44179040e-01
1.26408738e-01
-7.04707654e-02
-3.98927303e-02
6.84372186e-02
1.62933630e-02
-6.99365533e-02
-7.85922318e-02
-7.19884944e-02
-7.29896922e-02
1.83422539e-02
-1.64022956e-01
6.43396730e-02
7.55470610e-02
1.02558328e-01
3.46857902e-01
6.66998367e-02
4.57316579e-02
2.66178629e-01
-4.75022946e-02
3.40678086e-01
-1.31105116e-01
1.82152305e-01
-3.29859243e-01
-9.04316432e-03
-8.72652090e-02
3.32812823e-01
-2.26263106e-01
8.16982980e-01
8.12854892e-02
6.68257435e-02
-1.59880340e-01
