-2.74088169e+00
-2.81197077e+00
-2.94613860e+00
-2.95382877e+00
-2.87456885e+00
-2.97327484e+00
-2.97343677e+00
-3.14663524e+00
-2.94946167e+00
-2.97212988e+00
-2.99394463e+00
-2.86130982e+00
-2.81149453e+00
-2.83081872e+00
-2.72801124e+00
-2.69152207e+00
-2.50441516e+00
-2.52276956e+00
-2.54199088e+00
-2.29347188e+00
-2.14482657e+00
-1.87225277e+00
-1.61495870e+00
-1.56643534e+00
-1.43989818e+00
-1.23947695e+00
-9.45251105e-01
-5.48941686e-01
-2.60979337e-01
-5.32117544e-02
2.95164776e-01
7.44957413e-01
8.61881742e-01
1.23975763e+00
1.65619963e+00
1.92768865e+00
2.20644852e+00
2.45075235e+00
2.45937105e+00
2.60943098e+00
2.53888178e+00
2.79870681e+00
2.67532372e+00
2.60359952e+00
2.56751001e+00
2.34037902e+00
2.27019947e+00
2.16500855e+00
1.85519196e+00
1.61864929e+00
1.40500695e+00
1.22274539e+00
1.03666013e+00
8.55015175e-01
6.63929670e-01
6.45116779e-01
3.49435224e-01
5.25108954e-02
-1.63360462e-01
-2.84453174e-01
-3.01579779e-01
-3.51627968e-01
-5.97444338e-01
-5.21970272e-01
-7.81311603e-01
-9.67887699e-01
-1.19021227e+00
-8.53123494e-01
-8.68949037e-01
-9.11461830e-01
-1.03071427e+00
-8.87660209e-01
-8.91939420e-01
-9.83824985e-01
-1.33205944e+00
-8.80413709e-01
-1.20746976e+00
-9.72756766e-01
-1.10615772e+00
-8.35000639e-01
-1.10289801e+00
-7.39292510e-01
-1.02415797e+00
-1.35744813e+00
-1.62713007e-01
-6.47373244e-01
-4.99861591e-01
-4.25468461e-01
-3.83146062e-01
-2.92831042e-01
-1.63301864e-01
-1.40608900e-01
5.23506201e-01
-2.21549848e-01
-5.69430440e-02
6.08623754e-02
-1.15181130e-01
8.00030695e-01
4.14184354e-01
1.45140166e+00
