-2.63762429e+00
-2.99661239e+00
-2.69221598e+00
-2.85612090e+00
-3.01355061e+00
-2.81711055e+00
-2.83348560e+00
-3.04683058e+00
-2.85246588e+00
-2.81099487e+00
-2.86443197e+00
-2.92163584e+00
-2.92368229e+00
-2.80877321e+00
-2.70372091e+00
-2.72088434e+00
-2.56974676e+00
-2.34151331e+00
-2.38509830e+00
-2.36006536e+00
-2.14235118e+00
-1.97560717e+00
-1.88553246e+00
-1.58198146e+00
-1.49879021e+00
-8.00914827e-01
-1.06626642e+00
-4.65613361e-01
-7.84613286e-02
2.13530678e-01
4.44522292e-01
6.20099424e-01
1.08300051e+00
1.43076273e+00
1.62665256e+00
1.83654247e+00
2.22471071e+00
2.41374398e+00
2.44916653e+00
2.61515792e+00
2.71079818e+00
2.62205684e+00
2.52241167e+00
2.78012826e+00
2.79421776e+00
2.25517401e+00
2.24089800e+00
2.11536739e+00
2.24822917e+00
1.77898980e+00
1.54471724e+00
1.37203263e+00
1.33045418e+00
7.68649970e-01
6.62395448e-01
6.80557133e-01
2.85109868e-01
5.36738258e-01
3.96632237e-02
1.71461314e-02
-4.14838449e-02
-4.65517082e-01
-4.03252935e-01
-3.77135407e-01
-7.56449172e-01
-8.23293049e-01
-1.23798604e+00
-8.24691188e-01
-1.02094284e+00
-1.04045386e+00
-9.30844790e-01
-1.08535262e+00
-1.02004431e+00
-1.09881010e+00
-1.34953384e+00
-8.52254713e-01
-1.12243525e+00
-8.99648678e-01
-1.09702531e+00
-1.19391364e+00
-9.82221712e-01
-5.48909798e-01
-7.56670251e-01
-1.05291749e+00
-4.69563010e-01
-5.66667933e-01
-4.56524735e-01
-5.94033076e-01
-1.56461335e-01
-2.60698228e-01
1.24519032e-01
-1.40873375e-01
3.81082952e-01
-3.33407459e-01
3.18425808e-01
5.92779303e-01
7.47262207e-01
8.11295573e-01
-5.07726016e-01
4.54472330e-01
