-2.71059336e+00
-2.84834554e+00
-2.82417186e+00
-2.97566799e+00
-2.96170471e+00
-3.02705133e+00
-2.90172193e+00
-3.17306541e+00
-2.94026913e+00
-2.85999349e+00
-3.01883723e+00
-3.01528173e+00
-2.96083956e+00
-2.85418113e+00
-2.70679832e+00
-2.79869817e+00
-2.48500176e+00
-2.68463003e+00
-2.41037043e+00
-2.53158032e+00
-2.21375407e+00
-1.96365065e+00
-1.62674961e+00
-1.64458277e+00
-1.70895966e+00
-9.20815057e-01
-8.22616669e-01
-5.47069767e-01
-2.63566978e-01
5.60756039e-02
3.68969486e-01
5.82400053e-01
8.24794896e-01
1.17967836e+00
1.52530762e+00
1.81567322e+00
2.12238658e+00
2.14462312e+00
2.34692527e+00
2.72202901e+00
2.72361930e+00
2.81628188e+00
2.67378428e+00
3.04672447e+00
2.43392426e+00
2.58931230e+00
2.09389980e+00
2.02204083e+00
2.08965728e+00
1.73961016e+00
1.30168764e+00
1.55849949e+00
1.07340980e+00
1.09043558e+00
9.93490761e-01
1.00444843e+00
4.40925985e-01
2.80879911e-01
6.85756238e-03
-7.21715266e-02
-2.52733636e-01
-1.74049349e-01
-3.94092465e-01
-4.41112167e-01
-5.90219983e-01
-8.07695188e-01
-7.33115617e-01
-7.82929196e-01
-8.79472812e-01
-8.50618081e-01
-9.54363853e-01
-1.13190532e+00
-8.81652189e-01
-9.80761940e-01
-9.94114290e-01
-1.23987163e+00
-1.11058935e+00
-9.60453331e-01
-9.66686458e-01
-1.01935574e+00
-9.10408870e-01
-7.57788956e-01
-8.99946716e-01
-7.75022318e-01
-3.29533520e-01
-4.52777190e-01
-7.35086042e-02
-3.64208035e-01
-3.71745847e-01
-2.29593843e-01
-3.24805316e-02
9.72469865e-02
2.87533123e-01
4.68802868e-01
5.55078236e-01
2.30384176e-01
1.04549625e+00
1.59398495e-01
-2.72668730e-01
5.10665350e-01
