-1.58977532e-02
1.78120526e-03
-3.82540560e-02
7.11027636e-02
9.62435264e-02
2.05964516e-01
-1.21836460e-01
-1.60019215e-01
1.00096301e-01
2.17383725e-01
1.03084236e-01
6.08208633e-02
7.46308069e-02
6.68994839e-02
-9.78386392e-02
-1.89413936e-01
-2.68185759e-02
1.14453237e-02
5.40725545e-02
1.16557270e-01
-1.53743413e-02
1.01963773e-01
-6.97846935e-02
6.15614406e-02
-1.91222797e-02
-2.53248373e-02
-1.37649585e-01
-1.07327949e-01
-2.70781541e-01
1.57479897e-01
1.51826998e-01
-6.34954756e-02
-2.72187149e-02
2.45219035e-01
4.59657287e-01
1.04729785e-01
-2.21797313e-02
7.53906280e-02
1.59270657e-01
2.44682561e-02
-4.41405188e-02
4.75343713e-02
1.04133630e-01
1.25016386e-01
5.44129254e-03
1.96618344e-01
1.40148051e-01
-1.01212035e-02
-9.06503961e-03
5.85142179e-01
8.31100377e-02
-4.76276681e-01
3.08384181e-01
1.33762047e-01
-2.01111648e-01
9.30744639e-02
1.08727255e-01
-1.69091098e-01
2.59872555e-01
3.42282246e-01
2.78402805e-01
-2.47582029e-01
-1.85371848e-01
-2.50943697e-01
-1.18335691e-01
2.10190588e-01
-2.99165565e-01
-1.50922787e-01
-3.12825894e-01
-5.89276261e-02
3.62602795e-01
3.04084887e-02
3.37133767e-01
-1.69586579e-01
4.16612340e-02
-7.39468677e-02
-2.62346228e-01
-1.61904063e-01
-2.50530041e-01
-1.49070434e-01
2.83566118e-01
-1.90999669e-01
4.07573390e-01
8.28520855e-02
-7.04881396e-02
2.39138955e-01
-2.80541594e-01
5.30877102e-02
4.06699127e-01
-3.86466727e-01
-6.15636049e-02
2.62089747e-01
3.56721376e-01
5.15593198e-03
6.01999954e-02
-5.80076268e-01
3.53823615e-01
7.34615087e-02
6.53675266e-01
2.05516980e-01
