-2.49129639e+00
-2.77584295e+00
-2.69687822e+00
-2.57345152e+00
-2.54287820e+00
-2.67654021e+00
-2.67692921e+00
-2.67565838e+00
-2.63587092e+00
-2.64013834e+00
-2.51935741e+00
-2.61703810e+00
-2.51213494e+00
-2.55384525e+00
-2.47766496e+00
-2.32111311e+00
-2.35158972e+00
-2.14863222e+00
-2.14505325e+00
-2.05263686e+00
-1.68163090e+00
-1.88940994e+00
-1.58996123e+00
-1.25368174e+00
-1.26243024e+00
-1.20353352e+00
-9.72980797e-01
-6.27878627e-01
-6.16594941e-01
-3.85245791e-01
-9.97900831e-02
3.81558812e-01
6.12127526e-01
5.23595543e-01
1.28942299e+00
1.25396449e+00
1.97483526e+00
1.50256890e+00
2.14970547e+00
2.15654954e+00
2.55828087e+00
2.17344054e+00
2.57371094e+00
2.76814143e+00
2.23052970e+00
2.21978939e+00
2.07975141e+00
1.85097819e+00
2.05747317e+00
1.86462900e+00
1.77072670e+00
1.19844048e+00
1.35354871e+00
1.01862771e+00
1.12637544e+00
9.24780610e-01
5.75836106e-01
6.20529691e-01
7.30631733e-01
2.73813781e-01
1.78253720e-01
-1.34667491e-02
-5.21346539e-02
-4.55037575e-01
-4.69821310e-01
-3.20141558e-01
-6.36531027e-01
-5.39359307e-01
-8.57546109e-01
-9.18954878e-01
-5.81374871e-01
-9.05658128e-01
-4.70265683e-01
-1.13363768e+00
-9.34751876e-01
-1.30698137e+00
-1.02681397e+00
-1.13179977e+00
-9.15948908e-01
-7.75917710e-01
-7.83958617e-01
-6.90734813e-01
-1.16091880e+00
-8.65056638e-01
-7.09572804e-01
-4.20699667e-01
-3.97287948e-02
-1.11838575e-01
-3.99507219e-01
6.11306069e-02
6.44985987e-02
-2.60006496e-02
3.88292638e-01
1.91538394e-02
4.30411009e-01
2.80201855e-01
9.05205410e-01
1.49271865e+00
3.35094218e-01
2.02132688e+00
