-1.07482964e-01
-2.74442498e-01
-1.10363464e-01
1.61043726e-02
-2.60944050e-01
2.04372939e-02
-4.29313341e-02
-7.15724865e-02
1.43455315e-02
-9.16460187e-02
7.67494116e-02
-2.54689352e-01
1.58784491e-01
4.21456226e-02
-2.39963530e-01
-2.16443504e-01
-1.57618823e-01
-3.97535886e-01
1.01737819e-01
-2.83853176e-01
-4.61563729e-01
4.76313266e-03
1.79725468e-01
2.20926158e-02
-1.09911633e-01
-2.46126790e-02
-5.53928136e-01
-3.98264266e-02
2.71215073e-01
6.50876968e-03
-2.35391673e-01
-1.76067326e-01
-1.66640434e-01
-5.03871131e-01
-1.02613798e-01
-7.57212899e-02
7.96029712e-02
-2.87427811e-02
-1.74473337e-01
1.73769981e-01
3.29540490e-01
2.00723523e-02
-1.86298865e-01
-2.43112941e-01
-1.36624933e-01
2.01343734e-02
-2.15343240e-02
8.98831007e-02
-2.95591202e-01
-3.34908572e-01
2.21164834e-01
1.05068618e-01
2.39570294e-02
4.31911050e-01
-1.34598312e-01
-1.69485646e-01
4.92742106e-03
-1.74334714e-01
-2.63964406e-01
-8.37926833e-02
-1.84463759e-01
-4.27461457e-01
1.76646092e-01
-2.23322332e-01
2.50547039e-01
3.87854011e-01
-3.83078965e-02
-2.90691406e-01
3.14150489e-02
2.36005987e-01
-3.07123458e-02
3.29433012e-01
-1.03502387e-01
4.58743335e-01
-2.54166598e-02
1.89237810e-01
2.01488628e-01
-2.88403726e-02
6.84738287e-02
-3.25175493e-01
-2.26243707e-01
-2.60638906e-01
-1.74970281e-01
-3.80598259e-02
-2.82441734e-01
1.04142511e-01
4.08590972e-02
2.13988470e-01
-7.68483526e-02
5.19550573e-02
-6.33538457e-01
2.13374351e-01
-7.96669212e-01
-5.59393596e-01
-5.98669808e-01
4.81031366e-01
-9.44922911e-01
-3.21389887e-01
7.34885117e-02
-7.69446639e-01
