-2.55208602e+00
-2.68520389e+00
-2.63261637e+00
-2.66356645e+00
-2.81657293e+00
-2.74534667e+00
-2.81074457e+00
-2.85939413e+00
-2.72514966e+00
-2.96933260e+00
-2.87104685e+00
-2.73612223e+00
-2.69164981e+00
-2.46787226e+00
-2.73741208e+00
-2.43227913e+00
-2.27056243e+00
-2.27397649e+00
-2.15288936e+00
-2.01876981e+00
-1.97787659e+00
-1.88290588e+00
-1.55644722e+00
-1.54659575e+00
-1.30915716e+00
-1.28805799e+00
-1.01612288e+00
-6.83180493e-01
-2.42622641e-01
-1.33309465e-01
2.10248514e-01
8.85377638e-01
8.29124374e-01
1.25522004e+00
1.27233088e+00
1.47991623e+00
2.05665400e+00
1.92129639e+00
2.16323974e+00
2.60677909e+00
2.27801490e+00
2.28774813e+00
2.66839841e+00
2.81751191e+00
2.23140180e+00
2.36479666e+00
2.24883136e+00
2.28930822e+00
2.18178373e+00
1.88656622e+00
1.69923377e+00
1.59492885e+00
1.43423870e+00
1.02083303e+00
9.90517211e-01
6.02492211e-01
3.42318185e-01
4.68315892e-01
5.07924073e-01
3.21330529e-01
1.74068316e-01
-1.79674277e-01
-1.67914074e-01
-4.46536775e-01
-4.66279865e-01
-6.08517061e-01
-3.65802990e-01
-4.11434946e-01
-6.27106687e-01
-7.05508478e-01
-9.05651587e-01
-1.14074212e+00
-6.19951609e-01
-6.08779205e-01
-8.12411917e-01
-1.28177321e+00
-1.04483416e+00
-9.50388480e-01
-7.04610914e-01
-4.92197414e-01
-9.01840345e-01
-9.06846583e-01
-7.62935621e-01
-8.18434834e-01
-5.75237238e-01
-2.19646208e-01
-2.27709151e-01
-2.89460671e-01
-5.81069086e-01
5.56031400e-01
1.02438525e-01
5.21492968e-01
9.85232860e-01
3.82417359e-01
-3.13460345e-02
1.04698266e-02
4.60059382e-01
7.84046636e-01
1.35656721e+00
2.00974687e+00
