-2.65532084e+00
-2.94710129e+00
-3.10738961e+00
-3.00468528e+00
-3.02660578e+00
-3.04211809e+00
-3.04486657e+00
-3.02216358e+00
-2.98338397e+00
-2.98994861e+00
-2.97668263e+00
-2.89997064e+00
-2.96670484e+00
-3.04829497e+00
-2.95216045e+00
-2.70114746e+00
-2.62699450e+00
-2.58223472e+00
-2.56132441e+00
-2.31551156e+00
-2.19857709e+00
-1.94694351e+00
-1.67974648e+00
-1.52420741e+00
-1.37250801e+00
-1.02114630e+00
-1.02318974e+00
-5.97251925e-01
-3.83323713e-01
5.67579706e-02
3.86649347e-01
7.67254848e-01
1.09906102e+00
1.47140149e+00
1.87900501e+00
1.98056370e+00
2.25637436e+00
2.33542179e+00
2.50262214e+00
2.78765814e+00
2.56492778e+00
2.79017823e+00
2.42880976e+00
2.59670891e+00
2.59239942e+00
2.40446515e+00
2.38545794e+00
2.22354483e+00
2.06463108e+00
1.80945123e+00
1.54014406e+00
1.58740999e+00
1.55409746e+00
1.02985247e+00
9.36837032e-01
5.09947575e-01
5.05362653e-01
3.71192483e-01
3.16769039e-01
-2.14215989e-01
-3.36408766e-01
-4.35046313e-01
-6.06652114e-01
-3.55820438e-01
-4.15356568e-01
-7.67983422e-01
-1.09110992e+00
-1.22001170e+00
-9.84738415e-01
-1.12115056e+00
-1.11696317e+00
-1.37696036e+00
-8.73088789e-01
-1.35819370e+00
-1.37242802e+00
-1.12802882e+00
-1.27675888e+00
-1.41923992e+00
-1.21187601e+00
-7.83598927e-01
-1.12259230e+00
-7.18503105e-01
-9.66169958e-01
-7.76133380e-01
-4.25156390e-01
-4.86783615e-01
-2.25817818e-01
-1.53535510e-01
-1.79533501e-01
-2.13386427e-01
2.65309701e-02
-1.17144612e-01
6.66037122e-02
3.75457861e-01
-4.73496629e-02
9.88982291e-01
7.29544180e-01
8.61938046e-01
8.52826198e-01
1.08062713e-01
