-2.44859135e+00
-2.61382758e+00
-2.64644213e+00
-2.61686126e+00
-2.64267542e+00
-2.58634315e+00
-2.60884255e+00
-2.60031564e+00
-2.67908023e+00
-2.54669547e+00
-2.56620035e+00
-2.63156966e+00
-2.66260441e+00
-2.38423654e+00
-2.39811948e+00
-2.44653503e+00
-2.26500086e+00
-2.16902472e+00
-2.08197623e+00
-1.92861448e+00
-1.81957440e+00
-1.83164907e+00
-1.31458892e+00
-1.44829129e+00
-1.44220036e+00
-9.35032423e-01
-8.52355177e-01
-7.99605214e-01
-3.89915542e-01
-8.25240174e-02
3.49951071e-01
4.97683045e-01
9.93206126e-01
1.03492472e+00
1.26506472e+00
1.64774972e+00
1.65695455e+00
2.10872845e+00
2.14165648e+00
2.27489133e+00
2.44351011e+00
2.31904720e+00
2.60638852e+00
2.52254021e+00
2.40570045e+00
2.23242907e+00
2.14763797e+00
2.08907168e+00
2.18153417e+00
1.82448934e+00
1.84564018e+00
1.22525447e+00
1.38127802e+00
1.05366767e+00
9.02227706e-01
6.37473559e-01
4.57475936e-01
5.75142676e-02
-1.03260714e-01
3.28114292e-01
3.14795979e-02
-1.58991805e-01
-1.56378534e-01
-6.60721559e-01
-8.53377455e-01
-8.76437503e-01
-9.71359008e-01
-5.84537130e-01
-6.84738783e-01
-8.41246484e-01
-6.91117208e-01
-1.04745681e+00
-9.20067574e-01
-1.18315970e+00
-8.78243994e-01
-1.00483859e+00
-1.01495566e+00
-1.24737806e+00
-1.43118000e+00
-9.46889206e-01
-8.84501929e-01
-7.64966815e-01
-8.59386672e-01
-1.18008469e+00
-5.83426031e-01
-5.38732675e-01
-4.93585256e-01
-4.55299387e-01
-1.49611699e-01
3.51196721e-01
-1.99894211e-01
-1.16620367e-01
1.26993027e-01
8.69519218e-02
3.76215455e-01
2.88024247e-01
8.00075559e-01
5.87098423e-01
5.76102095e-01
9.61177671e-01
