-2.93121678e+00
-3.17972818e+00
-2.94075674e+00
-2.97292929e+00
-2.93288815e+00
-3.15708496e+00
-2.88430695e+00
-3.03296035e+00
-2.99291551e+00
-3.22936528e+00
-3.07193082e+00
-2.89212577e+00
-2.92385157e+00
-2.84769915e+00
-2.92551616e+00
-2.81014031e+00
-2.61764821e+00
-2.55276311e+00
-2.57638404e+00
-2.35109385e+00
-2.28436994e+00
-2.13445438e+00
-1.62433927e+00
-1.71824211e+00
-1.39989163e+00
-1.10099664e+00
-9.41948970e-01
-4.17669551e-01
-1.65185873e-01
-1.23318982e-01
3.91048328e-01
6.06972566e-01
1.13764218e+00
1.30151445e+00
1.71576182e+00
1.92555484e+00
2.20888465e+00
2.13957512e+00
2.54161954e+00
2.67563978e+00
2.75346419e+00
2.81208126e+00
2.89660016e+00
2.61230225e+00
2.68979683e+00
2.16124325e+00
2.32892470e+00
2.01051115e+00
1.89255580e+00
2.00151278e+00
1.39255789e+00
1.46409997e+00
1.29340365e+00
9.87876164e-01
6.07902860e-01
5.63049007e-01
4.94683637e-01
4.28486477e-01
2.35448308e-01
9.10769806e-02
-3.08478133e-01
-5.41042193e-01
-3.88880944e-01
-6.22058064e-01
-7.79433258e-01
-8.29883613e-01
-9.67333967e-01
-8.16838146e-01
-1.10103420e+00
-9.06030537e-01
-8.49874622e-01
-1.17267294e+00
-8.43500923e-01
-1.05286849e+00
-9.12537378e-01
-1.12654441e+00
-1.12061381e+00
-1.18882503e+00
-1.37633592e+00
-7.74034307e-01
-7.76843232e-01
-7.90511420e-01
-7.15859602e-01
-1.01764065e+00
-7.16742783e-01
-8.86600180e-01
-6.89113410e-02
-3.50722928e-01
-6.12996101e-01
-1.00227199e-01
9.00824132e-02
2.02223674e-02
-1.56508066e-01
5.01352182e-01
4.26997167e-01
2.54640753e-01
9.38203632e-01
1.15837475e+00
4.77794897e-01
7.02532965e-01
