-2.71197312e+00
-2.90234282e+00
-2.65669877e+00
-2.93966876e+00
-2.79859845e+00
-2.73142748e+00
-2.93817526e+00
-2.97462493e+00
-2.89654527e+00
-3.10594882e+00
-2.76988665e+00
-2.67314268e+00
-2.89119490e+00
-2.75632709e+00
-2.78973279e+00
-2.65408581e+00
-2.57790092e+00
-2.54253647e+00
-2.46841472e+00
-2.06761802e+00
-2.09544999e+00
-2.00272273e+00
-1.82064317e+00
-1.49138972e+00
-1.49546354e+00
-1.09641416e+00
-1.02670915e+00
-6.56763918e-01
-3.63141021e-01
-2.00708257e-01
3.08184576e-01
7.58013596e-01
9.08499818e-01
1.19602289e+00
1.55772793e+00
2.02051801e+00
1.86946406e+00
2.11788844e+00
2.09282169e+00
2.38504119e+00
2.40358325e+00
2.36770405e+00
2.60339943e+00
2.61390550e+00
2.30246234e+00
2.61828649e+00
2.13429193e+00
1.83327619e+00
1.84524680e+00
1.54576001e+00
1.38810184e+00
1.33856426e+00
9.07596892e-01
1.25464123e+00
7.64253547e-01
6.44489910e-01
3.05710702e-01
2.14917066e-01
2.29735887e-01
-1.76614844e-02
4.54568067e-02
-3.82611750e-01
-4.11276509e-01
-4.37531882e-01
-6.47073020e-01
-6.89260111e-01
-1.31513420e+00
-8.83769757e-01
-1.16263498e+00
-9.64145773e-01
-1.13305257e+00
-1.12690941e+00
-7.96502686e-01
-9.51815762e-01
-1.41539963e+00
-1.21416170e+00
-8.59635285e-01
-1.15552372e+00
-8.70505051e-01
-7.05262906e-01
-7.00687184e-01
-8.13467926e-01
-9.03086575e-01
-8.70416813e-01
-5.30971477e-01
-5.16596642e-01
-3.32810524e-01
-4.34260163e-01
-3.77700949e-01
-4.39245989e-01
-1.70406841e-01
3.19890225e-01
3.99483755e-01
1.39758959e-01
1.42659730e-01
6.09314063e-01
1.03700415e-01
1.16417293e+00
-1.95446921e-02
5.51863667e-01
