7.30360228e-03
2.29008379e-02
-1.12591919e-01
-6.56358309e-02
6.13352846e-02
-3.35065909e-02
-1.62341861e-01
-7.50785586e-02
-3.39038371e-02
-3.62323938e-02
6.93918449e-02
-4.43896638e-02
7.17393441e-02
-6.70783377e-03
-4.10942012e-02
-1.29092942e-02
5.72067605e-02
5.33973008e-02
5.07653392e-02
-4.80902077e-04
1.71369605e-01
7.76971693e-02
-8.05846756e-02
-2.62223256e-02
1.90277493e-02
4.46933867e-02
7.69589148e-02
-1.84518312e-01
-1.56399878e-02
-5.16241008e-03
7.87452093e-02
-1.96731229e-01
5.38386141e-02
-6.88069370e-03
-3.64003939e-02
-1.10847553e-01
-2.75924799e-01
-1.22910423e-01
6.50907939e-02
7.57591136e-02
3.51665225e-03
1.28718664e-02
-6.34909149e-02
3.72614801e-01
-6.73798157e-02
2.32466304e-02
-3.34357927e-02
9.32743929e-02
-2.42691982e-01
3.56887309e-02
1.92009250e-01
-1.65989874e-02
-5.61043710e-03
-3.25296125e-01
4.54082677e-02
-8.37899460e-02
-7.43696749e-02
-1.72072794e-01
-3.09353798e-01
1.39536429e-01
-7.72969653e-02
1.17885173e-01
1.56665560e-02
5.28714776e-02
7.66935716e-03
-4.65605244e-02
7.31015229e-02
2.55953358e-01
3.68319616e-02
1.46764930e-01
-4.13254876e-04
-1.84198718e-01
-4.49598809e-02
5.22380787e-02
1.40236842e-01
-1.06909839e-01
-1.33404182e-01
-3.86449615e-02
1.42327491e-01
-5.60951273e-02
-1.73691180e-01
3.46185979e-02
-7.80500977e-02
-2.67184630e-01
2.82668947e-01
-2.94952740e-01
-5.46662722e-03
-4.13955773e-02
-3.52602578e-01
1.69869804e-01
1.97632343e-01
7.78747350e-02
3.00236025e-01
3.71026527e-01
2.53443922e-02
8.99057914e-02
1.56026797e-01
8.62307630e-02
-1.42819715e-01
2.95290694e-02
