-2.72454370e+00
-2.78322319e+00
-2.69852815e+00
-2.73154328e+00
-2.68778011e+00
-2.71770201e+00
-2.89032446e+00
-2.71444480e+00
-2.77216438e+00
-2.61526267e+00
-2.66715443e+00
-2.68159980e+00
-2.65887603e+00
-2.60769718e+00
-2.50245507e+00
-2.44699671e+00
-2.41293951e+00
-2.42459092e+00
-2.25169158e+00
-1.83406160e+00
-1.93253095e+00
-1.83782599e+00
-1.80341567e+00
-1.55453235e+00
-1.15035544e+00
-9.46044293e-01
-8.48486923e-01
-7.06310282e-01
-1.22805435e-01
-1.35853890e-01
-6.70928716e-02
8.15904925e-01
8.43938572e-01
8.81418740e-01
1.52871054e+00
1.66545882e+00
2.18397808e+00
1.79431557e+00
2.15269531e+00
2.27267109e+00
2.27509524e+00
2.21722004e+00
2.32592810e+00
2.42135863e+00
2.25605123e+00
2.34745578e+00
2.41102957e+00
2.12187550e+00
1.82474057e+00
1.68385415e+00
1.21920556e+00
1.21933610e+00
1.10703677e+00
1.21671682e+00
9.78314086e-01
4.44427567e-01
5.09549751e-01
2.05297477e-01
-4.32607704e-01
-3.01074536e-01
-3.20313632e-01
-4.32150856e-01
-1.76763343e-01
-3.60425403e-01
-5.65869796e-01
-6.75577279e-01
-1.01744325e+00
-8.08218676e-01
-9.03911762e-01
-9.32441650e-01
-9.52801415e-01
-9.31120180e-01
-8.98728250e-01
-1.07283008e+00
-1.06109163e+00
-1.14791311e+00
-1.04004560e+00
-9.52996819e-01
-9.12336506e-01
-9.20243929e-01
-1.02350724e+00
-9.21252768e-01
-7.76252291e-01
-6.64133977e-01
-7.51673806e-01
-3.60671287e-01
-4.30964107e-01
-3.89833675e-01
-1.12348815e-01
-7.94168209e-02
-1.96678451e-01
3.96821365e-01
1.33634030e-01
1.60055863e-01
1.01056350e+00
4.96170785e-01
-5.88653496e-02
9.52862220e-01
8.05809204e-01
1.25202023e+00
