-2.43214808e+00
-2.60270160e+00
-2.57472129e+00
-2.57183556e+00
-2.54902896e+00
-2.50131278e+00
-2.65859717e+00
-2.63699738e+00
-2.44485335e+00
-2.45355754e+00
-2.47308200e+00
-2.51612519e+00
-2.52027754e+00
-2.40636752e+00
-2.49691928e+00
-2.51970556e+00
-2.23010233e+00
-2.27414618e+00
-2.28650275e+00
-2.01582887e+00
-1.84844021e+00
-1.84635159e+00
-1.41286515e+00
-1.31294413e+00
-1.16649958e+00
-1.25757805e+00
-9.32893209e-01
-4.29210678e-01
-5.64612775e-01
-2.22667990e-01
1.66444006e-01
7.15567138e-01
8.87234849e-01
7.79197749e-01
1.31624830e+00
1.58104782e+00
1.71575635e+00
1.61679466e+00
1.88624974e+00
2.23858878e+00
2.21075342e+00
2.13052928e+00
2.38052977e+00
2.54965589e+00
2.16349260e+00
2.06504771e+00
2.19328973e+00
1.81568505e+00
1.82538711e+00
1.77458968e+00
1.35633713e+00
1.30512969e+00
9.78325846e-01
9.22876098e-01
4.56925998e-01
8.65186696e-01
4.90709241e-01
4.72270962e-01
4.06392908e-01
-1.19854238e-01
-1.97315240e-01
-1.36479384e-01
-2.79918463e-01
-2.33867799e-01
-4.35914113e-01
-6.29283800e-01
-8.02415366e-01
-4.87821971e-01
-1.07042522e+00
-1.05776055e+00
-1.16197484e+00
-1.26088697e+00
-1.06679383e+00
-7.78100520e-01
-9.49017755e-01
-1.03301165e+00
-9.11741849e-01
-8.57332286e-01
-1.05789255e+00
-8.71947664e-01
-6.84144428e-01
-5.48762916e-01
-7.82550187e-01
-6.81090744e-01
-4.77441657e-01
-4.45991034e-01
-2.26340299e-01
-6.02350900e-01
-4.91959205e-01
5.02992585e-02
3.78138373e-01
3.03194877e-04
1.29621069e-01
4.20957912e-01
7.68790070e-01
8.75931586e-01
3.26595675e-01
1.22075934e+00
1.49062790e+00
1.67684984e+00
