-2.52209987e+00
-2.61287110e+00
-2.68106172e+00
-2.73000803e+00
-2.68231105e+00
-2.72678078e+00
-2.60965140e+00
-2.84666722e+00
-2.64580385e+00
-2.50390461e+00
-2.59071306e+00
-2.56858446e+00
-2.60595298e+00
-2.43406752e+00
-2.51059895e+00
-2.37106584e+00
-2.27063183e+00
-2.24897998e+00
-2.10955019e+00
-1.97705740e+00
-1.88603347e+00
-1.82626062e+00
-1.76789164e+00
-1.42081167e+00
-1.20080886e+00
-9.10238089e-01
-6.17897047e-01
-6.69348028e-01
-4.00285783e-01
-7.85509318e-02
2.37497100e-01
6.09938101e-01
7.55936009e-01
9.47871693e-01
1.22631667e+00
1.58924322e+00
1.94308677e+00
1.88322642e+00
2.18230499e+00
2.50801805e+00
2.15772408e+00
2.21079640e+00
2.32906334e+00
2.60223792e+00
2.49466230e+00
2.55913592e+00
2.17601807e+00
2.20570701e+00
2.12297964e+00
1.82383546e+00
1.34507414e+00
1.29613503e+00
1.17514663e+00
9.23363975e-01
8.87088919e-01
6.98802508e-01
7.89936450e-01
3.65386099e-01
1.67519524e-01
1.14012760e-02
5.31645933e-02
-4.17610883e-01
-1.91296368e-01
-1.05771375e-01
-6.19753112e-01
-8.00123728e-01
-7.01830450e-01
-3.77920295e-01
-7.13004872e-01
-5.49570502e-01
-8.52313039e-01
-1.09284325e+00
-1.01704333e+00
-8.94171324e-01
-5.29088565e-01
-1.01641643e+00
-1.08354230e+00
-1.06154462e+00
-7.96476135e-01
-7.91931654e-01
-8.24504221e-01
-8.70431544e-01
-8.18594661e-01
-6.59940264e-01
-4.68078613e-01
-7.48966598e-01
-6.22063626e-01
-3.87130125e-01
-2.46922307e-01
-3.46912728e-01
1.49603540e-01
2.92762225e-01
2.81063216e-01
3.95554988e-01
-2.14773240e-02
1.67585772e-01
6.54953419e-01
5.87641996e-01
7.38063854e-01
1.53185242e+00
