-3.10597439e+00
-3.03940386e+00
-2.91690365e+00
-3.08391256e+00
-3.17643806e+00
-3.01083129e+00
-2.93301321e+00
-3.07450610e+00
-3.07361041e+00
-2.92569530e+00
-2.97865570e+00
-2.92242634e+00
-2.86223448e+00
-2.84967500e+00
-2.83558460e+00
-2.80480614e+00
-2.54744788e+00
-2.56159409e+00
-2.39777544e+00
-2.24576966e+00
-2.18525935e+00
-2.00765715e+00
-1.71543509e+00
-1.58017627e+00
-1.39571250e+00
-1.09220621e+00
-7.78782267e-01
-6.23760790e-01
-1.58397219e-01
1.50671036e-01
4.39622922e-01
7.29227676e-01
8.51223552e-01
1.09826749e+00
1.66400393e+00
1.72729124e+00
2.42693583e+00
2.20320569e+00
2.76090782e+00
2.45649913e+00
2.67425221e+00
2.63865828e+00
2.72721520e+00
2.60362585e+00
2.48888466e+00
2.51114895e+00
2.51090000e+00
2.13437919e+00
2.15180089e+00
1.74313095e+00
1.73289136e+00
1.69671753e+00
1.51543612e+00
1.19335340e+00
8.30200893e-01
7.03210395e-01
5.13732080e-01
2.30327014e-01
2.04620982e-01
8.26607232e-02
-3.63511029e-01
-4.28602838e-01
-3.69979188e-01
-5.75182170e-01
-6.27523255e-01
-6.36767319e-01
-1.11559016e+00
-8.94118654e-01
-9.64175232e-01
-8.01777489e-01
-1.08330250e+00
-9.32764964e-01
-1.08190255e+00
-1.21937298e+00
-1.16689038e+00
-8.97222754e-01
-1.07511367e+00
-1.24776118e+00
-1.17444972e+00
-9.64125225e-01
-1.31202414e+00
-9.09935209e-01
-7.22816227e-01
-6.58229392e-01
-5.90920232e-01
-7.33655483e-01
-2.39827750e-01
-3.78663911e-01
-1.85705155e-02
-6.14386894e-01
2.03150979e-01
2.23549824e-01
-1.79622648e-03
1.16571778e-01
2.16148426e-01
5.74706441e-01
-7.94198480e-02
1.45352665e+00
4.22608381e-02
4.19264368e-01
