-2.22001262e+00
-1.92742134e+00
-2.13239825e+00
-2.05984728e+00
-2.02234214e+00
-2.13067247e+00
-2.02759884e+00
-2.15232004e+00
-1.85033205e+00
-2.08755895e+00
-2.01391096e+00
-1.76982005e+00
-1.89398113e+00
-1.77223036e+00
-1.77570355e+00
-1.62143412e+00
-1.69885977e+00
-1.53928374e+00
-1.54869490e+00
-1.64165592e+00
-1.57701060e+00
-1.40804157e+00
-1.34293274e+00
-1.09507285e+00
-1.44403399e+00
-1.00967506e+00
-1.00795157e+00
-8.94439630e-01
-6.11788939e-01
-8.62603793e-01
-6.89980221e-01
-3.90247047e-01
-2.49706473e-01
-1.56450618e-01
-2.66350771e-01
-1.68264594e-01
2.28466158e-01
-6.24719487e-02
3.85955526e-01
4.47484460e-01
4.49854293e-01
9.02785707e-01
6.35414700e-01
1.30851445e+00
9.05645232e-01
8.50325052e-01
1.14368808e+00
7.12884180e-01
9.17053351e-01
8.94835219e-01
8.17546192e-01
8.35335093e-01
4.90623021e-01
3.85871734e-01
6.99382647e-01
5.66595330e-01
5.47664640e-01
6.99051826e-01
1.86864944e-01
3.23018668e-01
2.87447682e-01
4.75576026e-02
5.02032838e-01
-5.40981067e-02
-1.68294082e-01
-9.65679479e-02
-6.64369522e-01
-6.79481908e-02
-2.94076594e-01
-2.16895687e-01
-3.35855334e-01
-4.03216823e-01
-4.27462641e-01
-3.19212802e-01
-5.45334943e-01
-6.02522330e-01
-4.49975099e-01
-8.24380476e-01
-5.81661895e-01
-4.89865258e-01
-5.36548007e-01
-4.80975737e-01
-3.56786245e-01
-5.72131975e-01
-4.16458669e-01
-5.32373405e-01
-7.41965885e-02
-5.55314538e-01
2.05198899e-01
-1.82734592e-01
1.40104322e-01
-9.42777883e-02
4.78797581e-01
-4.70623753e-02
1.28717630e-01
4.45096348e-01
-2.76511419e-01
8.88721039e-01
3.93248237e-01
2.66593285e-01
