-2.69303945e+00
-2.79139519e+00
-2.59949751e+00
-2.86293625e+00
-2.82602089e+00
-2.69987537e+00
-2.81051017e+00
-2.64162654e+00
-2.86227238e+00
-2.72300917e+00
-2.43337205e+00
-2.62968632e+00
-2.59471646e+00
-2.71268502e+00
-2.54183231e+00
-2.39323089e+00
-2.28365963e+00
-2.27706978e+00
-2.15080183e+00
-2.05627338e+00
-1.87737922e+00
-1.82090355e+00
-1.62467343e+00
-1.15854701e+00
-1.17272424e+00
-9.03356212e-01
-9.85109375e-01
-5.32748419e-01
-2.50305371e-01
-1.84264120e-01
1.81625207e-01
6.74160282e-01
9.13890143e-01
1.10696333e+00
1.26000108e+00
1.61043691e+00
2.19585140e+00
1.89271955e+00
2.29216368e+00
2.36899044e+00
2.73495859e+00
2.17533478e+00
2.48218371e+00
2.42713190e+00
2.21876428e+00
2.58353783e+00
2.07559231e+00
1.81583112e+00
1.75033997e+00
1.43379366e+00
1.44358255e+00
1.21124122e+00
7.95523620e-01
1.03290616e+00
7.04080478e-01
6.24938179e-01
7.26022317e-01
2.92619223e-01
3.93732889e-01
2.34982523e-01
1.90452504e-01
-1.66505921e-01
-1.99306139e-01
-3.71614355e-01
-4.28339744e-01
-9.01553123e-01
-7.44605227e-01
-7.66944210e-01
-8.34680002e-01
-8.88671636e-01
-1.05819045e+00
-1.06694394e+00
-5.77717444e-01
-7.49734843e-01
-9.45205038e-01
-8.68270789e-01
-8.67535959e-01
-8.04086808e-01
-9.66287086e-01
-8.45865292e-01
-7.59028579e-01
-4.90912098e-01
-9.48880160e-01
-4.80148885e-01
-3.22342082e-01
-4.01903418e-01
-2.19305838e-02
-3.98507786e-01
1.36260480e-01
-2.13526031e-01
8.81438044e-02
5.07901744e-01
7.53006788e-01
7.30452283e-01
7.46088927e-01
-3.48425545e-02
1.91661979e-01
3.93406081e-01
9.96633233e-01
1.94691003e+00
