-1.72213429e-01
-6.12370895e-02
1.88974510e-02
-1.29551514e-01
-1.92475232e-01
-1.98419714e-01
9.67122350e-03
9.98399594e-02
-1.67905628e-01
-4.08730263e-02
-3.44184535e-02
4.69433909e-02
-6.99159607e-02
-1.40104908e-01
-2.71829512e-02
6.44547387e-03
-2.20127006e-01
-2.58288660e-01
-1.09671852e-01
-1.56439687e-01
3.39732199e-02
-1.77115111e-01
-6.92417791e-02
-9.66775406e-02
1.57302549e-01
2.62223042e-02
-2.20672909e-01
1.17130947e-01
-2.65273003e-01
1.13293579e-01
-2.70643475e-01
-1.01093789e-02
2.96363452e-01
2.74327679e-01
-1.38853633e-01
5.68320458e-02
2.51924520e-01
-1.99436427e-01
9.45534895e-02
-9.12146753e-02
-2.61199093e-01
2.43811431e-01
-3.59997994e-02
3.81908083e-01
1.23016484e-01
2.34644727e-02
-4.32867651e-02
4.68422299e-02
7.95704976e-02
4.14496579e-02
-1.89635943e-01
-2.33369418e-02
-1.78891264e-01
-3.63628549e-01
1.26013372e-01
1.09244458e-01
-1.53065924e-02
-2.16146142e-01
-8.15555350e-02
-7.09325992e-02
3.42712425e-01
2.07754303e-01
-7.66876547e-02
1.64180975e-01
2.37652798e-01
-1.37427996e-01
1.92183018e-01
-2.48569379e-01
-3.32317955e-01
-8.72013963e-03
-3.53780203e-01
9.91536771e-02
-1.33255685e-01
-1.87293758e-01
-1.80925028e-01
-9.39382298e-02
1.10966712e-01
-4.59683063e-01
-2.82262770e-01
-1.75634271e-01
-2.10066668e-01
3.78795012e-01
-1.81434682e-01
-6.01879126e-01
-3.75779245e-01
1.31253785e-01
3.04812330e-01
5.48449941e-01
1.93199712e-01
-1.43861812e-01
-3.28140954e-02
1.46250590e-01
-6.87559119e-02
-1.12430331e-01
1.01724853e-01
2.58322386e-01
-1.02554038e-02
7.46139147e-01
-1.04349863e+00
5.56825233e-01
