-2.57330867e+00
-2.79231996e+00
-2.69427034e+00
-2.80605393e+00
-2.66361463e+00
-2.80944512e+00
-2.88672965e+00
-2.94385755e+00
-2.78191611e+00
-2.69626196e+00
-2.65589921e+00
-2.78499803e+00
-2.65411491e+00
-2.61072603e+00
-2.68346815e+00
-2.58545292e+00
-2.41006708e+00
-2.29575936e+00
-2.37106748e+00
-2.11912035e+00
-1.90213778e+00
-2.01157917e+00
-1.60466580e+00
-1.47477366e+00
-1.49373358e+00
-1.00943473e+00
-1.02424341e+00
-8.48638692e-01
-6.07297368e-01
-6.70630955e-02
3.80338082e-01
6.85392848e-01
8.73153368e-01
1.20672675e+00
1.42848344e+00
1.53107951e+00
1.76396955e+00
1.95964500e+00
2.02097976e+00
2.24125743e+00
2.58098378e+00
2.43948316e+00
2.31993585e+00
2.77815086e+00
2.20398003e+00
2.10944057e+00
1.85996315e+00
2.03050051e+00
1.94428706e+00
1.58184824e+00
1.18548857e+00
1.12427124e+00
1.30067062e+00
7.72644942e-01
6.80032966e-01
5.71952607e-01
1.46812260e-01
1.64913542e-01
5.35159778e-02
-2.84308641e-02
-1.84381874e-01
-3.24059246e-01
-4.36409102e-01
-4.67855751e-01
-6.31636357e-01
-8.93256131e-01
-1.61066555e+00
-9.37271526e-01
-8.90598363e-01
-9.90598545e-01
-1.28032547e+00
-9.09250832e-01
-1.13779873e+00
-1.21768170e+00
-1.46151277e+00
-8.92455016e-01
-9.90297773e-01
-1.12645215e+00
-1.28427189e+00
-8.17134833e-01
-1.00471465e+00
-1.12014623e+00
-6.55333652e-01
-9.05426400e-01
-5.95839373e-01
-7.50228899e-01
-5.03806161e-01
-6.73667520e-02
-7.15564734e-02
-2.01428565e-01
4.87473116e-01
2.44239439e-02
-1.12167915e-01
5.81701444e-01
9.51889735e-02
7.93296365e-01
2.51569817e-02
-5.85245184e-01
2.98941291e-01
6.82103754e-01
