-2.63426298e+00
-2.72060451e+00
-2.79638814e+00
-2.71362626e+00
-2.81981752e+00
-2.72219652e+00
-2.67478874e+00
-2.66506074e+00
-2.59779656e+00
-2.84645516e+00
-2.70132131e+00
-2.59923045e+00
-2.57527010e+00
-2.58714711e+00
-2.57220768e+00
-2.49181420e+00
-2.32382725e+00
-2.12825431e+00
-2.17111971e+00
-2.11010694e+00
-1.77824583e+00
-1.92421727e+00
-1.66547457e+00
-1.52061645e+00
-1.59737469e+00
-1.11218099e+00
-9.67482893e-01
-9.79042989e-01
-2.74047325e-01
-2.88124900e-01
-1.10609837e-01
2.58136261e-01
5.42481013e-01
8.77562021e-01
1.39101081e+00
1.29580449e+00
1.73068120e+00
1.70215686e+00
2.35161579e+00
2.23771424e+00
2.45110711e+00
2.19452049e+00
2.51979277e+00
2.33006883e+00
2.30706235e+00
2.22650557e+00
2.33409677e+00
1.76033027e+00
2.19806155e+00
1.95612085e+00
1.83146832e+00
1.68976497e+00
1.24335030e+00
8.89297920e-01
7.17916253e-01
3.53713767e-01
6.75027962e-01
5.96684893e-01
2.68851135e-01
3.47267234e-01
1.92755947e-01
4.20196609e-02
2.00598061e-01
-2.82256994e-01
-2.95732741e-01
-5.76848536e-01
-1.02335138e+00
-1.08186920e-01
-7.46788134e-01
-6.60704052e-01
-9.89622983e-01
-1.11114471e+00
-7.30268997e-01
-9.67118398e-01
-6.84341815e-01
-9.73738512e-01
-1.31196006e+00
-9.82525953e-01
-1.21215471e+00
-4.53897320e-01
-1.06647096e+00
-8.84845492e-01
-1.03655588e+00
-9.03178520e-01
-2.76533720e-01
-8.40504452e-01
-4.93062757e-01
-4.31893416e-01
7.75466164e-02
-4.25328188e-01
3.46781832e-01
4.23474947e-01
6.14038504e-01
4.68843773e-01
4.94905689e-01
-5.92398521e-03
6.72034013e-01
3.59450229e-01
1.23442646e+00
1.95351699e+00
