-2.86612320e+00
-3.04233893e+00
-2.84650585e+00
-3.07733210e+00
-3.11769896e+00
-3.10988647e+00
-3.00299505e+00
-3.14298917e+00
-3.09744011e+00
-3.12412719e+00
-3.05749315e+00
-2.95919102e+00
-2.95988440e+00
-2.99063099e+00
-2.80440224e+00
-2.85726932e+00
-2.58352786e+00
-2.39879366e+00
-2.60608585e+00
-2.21390587e+00
-2.25598088e+00
-2.04250810e+00
-1.71034506e+00
-1.66045736e+00
-1.47050089e+00
-1.09971534e+00
-9.08121562e-01
-5.57801054e-01
-3.43697776e-01
-7.85311247e-02
3.36800519e-01
7.39753515e-01
9.45310657e-01
1.53456823e+00
1.68400218e+00
2.02670457e+00
2.28503910e+00
2.23721022e+00
2.68206494e+00
2.66380450e+00
2.75994086e+00
2.80407850e+00
2.81256968e+00
2.68630522e+00
2.63098481e+00
2.32604621e+00
2.36782600e+00
1.84033840e+00
1.93497084e+00
1.75977482e+00
1.62070603e+00
1.70521064e+00
1.19887451e+00
9.01926392e-01
8.20828707e-01
7.40353333e-01
4.64646434e-01
2.57528270e-01
2.73987259e-01
8.01805003e-02
-2.74671080e-01
-5.12721163e-01
-6.95544755e-01
-6.97780792e-01
-6.13202836e-01
-8.14120009e-01
-1.08875453e+00
-1.23941103e+00
-1.21041754e+00
-1.03176419e+00
-1.29731833e+00
-1.15642694e+00
-1.25699776e+00
-1.06264302e+00
-1.09901830e+00
-1.21100800e+00
-9.03758653e-01
-1.16288604e+00
-1.19896610e+00
-9.37555408e-01
-8.57431945e-01
-6.47104844e-01
-9.81323245e-01
-7.16639832e-01
-8.00293501e-01
-7.95587277e-01
-4.72511201e-01
-4.94634682e-01
-2.15099764e-01
2.59462546e-01
2.13085618e-01
2.18251867e-01
2.62273598e-01
4.15194895e-01
-2.46694486e-01
-1.43586953e-01
4.55057146e-01
1.21388575e-01
1.51210589e-01
1.02958340e-01
