-2.60145048e+00
-3.03708495e+00
-2.94852380e+00
-2.92032933e+00
-2.87572014e+00
-3.00624022e+00
-3.00430397e+00
-2.91469607e+00
-2.81645514e+00
-3.00267465e+00
-2.86322388e+00
-2.90987736e+00
-2.83768292e+00
-2.82629384e+00
-2.71785003e+00
-2.66621679e+00
-2.65096847e+00
-2.57581972e+00
-2.36664984e+00
-2.51405788e+00
-2.17203564e+00
-2.22122656e+00
-1.72663997e+00
-1.50200042e+00
-1.32940884e+00
-1.12555738e+00
-1.11038272e+00
-7.66005764e-01
-9.56315746e-02
-1.53090844e-02
4.31158548e-01
7.82401200e-01
8.05601343e-01
1.19846348e+00
1.54200032e+00
1.84410340e+00
2.24838598e+00
2.18960603e+00
2.56922930e+00
2.49397895e+00
2.94405236e+00
2.71599594e+00
2.79300143e+00
2.81433490e+00
2.66262220e+00
2.26671014e+00
2.03917172e+00
1.91636968e+00
2.23450848e+00
1.59552138e+00
1.54650388e+00
1.52979769e+00
9.97479073e-01
1.15639200e+00
7.62068282e-01
7.13081856e-01
4.70939736e-01
1.04758837e-01
-3.80840820e-02
1.79484489e-01
-2.17799231e-01
-6.38001958e-01
-1.26323985e-01
-4.08306316e-01
-6.85435123e-01
-8.47531809e-01
-1.05300006e+00
-6.54732034e-01
-1.16255315e+00
-9.84282367e-01
-1.04745416e+00
-1.41682098e+00
-1.17500090e+00
-1.08138607e+00
-1.16621042e+00
-1.05414825e+00
-1.20189292e+00
-1.19145784e+00
-1.18984098e+00
-1.00098172e+00
-1.10389422e+00
-8.46380173e-01
-1.02550494e+00
-9.63637759e-01
-7.13255287e-01
-3.68648257e-01
-7.54686041e-01
-7.60285618e-01
-3.57255208e-02
-1.03337261e-01
-1.17314938e-02
-1.68268812e-01
3.13021781e-01
2.28593198e-01
-1.65087523e-01
1.59838359e-01
9.84788645e-01
5.05959333e-01
3.56838922e-01
1.34985241e+00
