-2.53371984e+00
-2.51549535e+00
-2.71478463e+00
-2.72273675e+00
-2.72043206e+00
-2.68741806e+00
-2.75010717e+00
-2.60239471e+00
-2.58079865e+00
-2.69843097e+00
-2.64873980e+00
-2.58717134e+00
-2.50464997e+00
-2.50826742e+00
-2.42915713e+00
-2.35556984e+00
-2.33465028e+00
-2.27253380e+00
-2.17424767e+00
-2.09349357e+00
-1.59195465e+00
-1.86704727e+00
-1.53091003e+00
-1.37752890e+00
-1.39216656e+00
-1.15427308e+00
-8.79854843e-01
-6.76115904e-01
-1.03078765e-01
-6.64114135e-03
4.46410897e-01
6.11659411e-01
8.53638903e-01
1.37262199e+00
1.23487277e+00
1.57505084e+00
1.83179559e+00
1.54861189e+00
2.12632955e+00
2.34274977e+00
2.05739185e+00
2.15450557e+00
2.27987513e+00
2.46514450e+00
1.95301494e+00
2.25791640e+00
2.09049140e+00
1.79365212e+00
1.94879672e+00
1.67415171e+00
1.28080499e+00
1.40225519e+00
9.18682675e-01
7.66733076e-01
6.70387374e-01
6.02608285e-01
4.11235355e-01
6.68405187e-02
8.82893640e-02
1.14245641e-01
-1.98691727e-01
-3.51497640e-01
-4.07912318e-01
-3.37634167e-01
-4.69056466e-01
-6.17418774e-01
-9.41762528e-01
-7.66130298e-01
-7.96946718e-01
-9.02055232e-01
-9.21030574e-01
-1.24190123e+00
-5.34446652e-01
-9.38254650e-01
-6.99641168e-01
-9.49426232e-01
-7.75352922e-01
-8.85412473e-01
-6.75566508e-01
-6.60084753e-01
-7.39557327e-01
-7.59869584e-01
-9.68323521e-01
-1.01787620e+00
-4.65065069e-01
-6.90116714e-01
-2.44545464e-01
-4.10444615e-01
-2.38489335e-01
-3.50965699e-01
1.54909841e-01
-1.61582601e-01
3.29821972e-01
2.00039560e-01
3.31142511e-01
9.03891886e-01
1.08102528e+00
2.46159247e-01
7.41720739e-01
1.03256400e+00
