-2.84301526e+00
-3.09810746e+00
-3.03437065e+00
-2.85522611e+00
-3.07070258e+00
-3.06766865e+00
-3.15126721e+00
-2.94981099e+00
-2.93261209e+00
-2.90274095e+00
-2.97686000e+00
-2.87896050e+00
-3.08752807e+00
-2.76842963e+00
-2.88530500e+00
-2.67735194e+00
-2.63487671e+00
-2.41962415e+00
-2.39137357e+00
-2.20788053e+00
-1.99547946e+00
-1.99137620e+00
-1.58741495e+00
-1.61121878e+00
-1.36145738e+00
-1.17391872e+00
-7.88611959e-01
-7.36376851e-01
-1.64143615e-01
1.18015053e-01
2.09585423e-01
7.11354919e-01
9.00162551e-01
1.57023379e+00
1.80853777e+00
1.84472111e+00
2.27300289e+00
2.15974040e+00
2.61850957e+00
2.67309812e+00
2.65184859e+00
2.75045544e+00
2.43546695e+00
2.78616777e+00
2.55800964e+00
2.54364103e+00
2.34119858e+00
2.14156659e+00
1.85316092e+00
1.61482708e+00
1.40497720e+00
1.05320543e+00
7.36018933e-01
8.08101764e-01
8.07209826e-01
4.10510169e-01
3.68472206e-01
3.43316547e-02
-6.47826728e-03
-3.72561189e-02
-4.02284232e-01
-3.87426654e-01
-4.20289496e-01
-9.40127657e-01
-9.33887276e-01
-7.10568047e-01
-1.05238410e+00
-8.26631036e-01
-1.04414962e+00
-1.43457320e+00
-1.05226787e+00
-1.48662400e+00
-8.23603325e-01
-1.18594286e+00
-1.39342761e+00
-1.31988221e+00
-7.96491163e-01
-1.09383726e+00
-1.65319849e+00
-1.10239164e+00
-8.50994801e-01
-9.38064378e-01
-1.03517716e+00
-6.85167197e-01
-8.13474170e-01
-6.14918660e-01
-1.97863356e-01
-2.52372574e-01
-6.57381384e-02
1.13725371e-02
-1.04773894e-02
-2.65037075e-01
-5.38142726e-01
1.96814771e-01
4.97748870e-01
-1.56632741e-01
1.76442735e-01
-1.48313775e-02
1.08322553e-01
1.00123427e+00
