-6.58778118e-02
-9.28161817e-03
-5.26908264e-02
-9.50872424e-02
-1.19575272e-01
-1.19319395e-01
-2.26737639e-01
7.97419026e-02
-5.71739574e-02
-1.22984431e-01
2.76693162e-02
-7.36477719e-02
-1.26452425e-01
-4.91561625e-02
-6.39983553e-03
9.39985446e-02
-1.11176763e-01
-1.12054105e-01
-1.53023809e-01
-1.24751437e-01
-9.53771335e-02
-3.39474426e-01
-1.36810249e-01
4.46565650e-03
-2.29819027e-01
-1.86183122e-02
-1.70148629e-01
1.56719813e-01
-1.46392245e-02
-2.59643395e-01
-1.42260048e-01
2.61572314e-01
3.43550040e-04
4.15433145e-02
-1.08697392e-01
1.17519157e-01
-1.42841847e-01
-5.65172454e-03
6.50395086e-02
-1.81815902e-01
2.98435619e-02
1.70069049e-01
1.59777724e-01
-1.30281959e-01
2.05837967e-01
1.11567910e-01
-1.14069887e-01
-3.44597228e-01
4.82664177e-02
5.56965350e-02
-3.19768286e-01
-1.02537828e-01
-3.88405113e-01
2.04788286e-01
-3.14386593e-01
2.54491122e-02
2.34410225e-01
2.26589153e-02
5.64175311e-02
1.32203768e-01
-2.21618999e-01
-2.63166960e-01
-5.09328334e-03
-4.04509020e-02
-1.88020741e-02
-2.39608358e-01
1.35421685e-01
4.59918663e-02
2.82600885e-02
3.90123292e-02
-1.30916882e-01
-2.94936707e-02
2.64899450e-01
1.87815860e-01
-1.33879362e-01
5.09660536e-02
-1.52931695e-01
-3.25940918e-01
1.87324129e-01
1.19277552e-01
-4.54699765e-02
-6.51652645e-02
1.56577890e-01
-1.67152879e-01
4.86418925e-02
2.36729184e-01
-2.37748727e-02
-4.29283863e-01
9.43274000e-02
2.20915437e-01
2.71501565e-01
-3.24611145e-01
2.62656735e-01
1.61067943e-01
-5.08249181e-01
-2.64153808e-01
1.13525608e-02
-6.21921281e-01
1.19193218e-01
8.58526674e-03
