-3.15410436e+00
-3.19915389e+00
-3.10527004e+00
-3.09592716e+00
-3.29405308e+00
-3.15490687e+00
-3.12899863e+00
-3.22064194e+00
-3.02993976e+00
-3.16536186e+00
-3.12664261e+00
-3.09802573e+00
-2.99476066e+00
-2.91092212e+00
-2.94845866e+00
-2.88785951e+00
-2.71796156e+00
-2.79696053e+00
-2.68348210e+00
-2.57706331e+00
-2.19956606e+00
-2.07731255e+00
-1.84415449e+00
-1.55835898e+00
-1.44624570e+00
-1.08210120e+00
-9.41718215e-01
-4.67833766e-01
-3.54034560e-01
-2.04351439e-01
1.19928177e-01
1.07542413e+00
1.06923876e+00
1.22489798e+00
1.87389713e+00
2.09992921e+00
1.94105751e+00
2.10450072e+00
2.88709087e+00
2.46071010e+00
2.77461957e+00
2.86112062e+00
2.58605448e+00
2.98105959e+00
2.32845520e+00
2.37869443e+00
2.48672158e+00
2.17029841e+00
2.34229765e+00
2.01135816e+00
1.65803988e+00
1.31555254e+00
1.31641030e+00
8.39802754e-01
6.42411412e-01
5.64238896e-01
6.75983266e-01
8.34728294e-02
1.61213827e-01
-1.38126199e-01
-2.07471111e-01
-6.16643033e-01
-5.86048963e-01
-6.09589964e-01
-8.73189328e-01
-5.60015364e-01
-1.26254536e+00
-1.04328522e+00
-1.04464689e+00
-7.56088072e-01
-1.03320237e+00
-1.09801726e+00
-1.32907534e+00
-9.61104695e-01
-1.02466475e+00
-1.28120354e+00
-1.15715791e+00
-1.13446481e+00
-1.01958957e+00
-8.94098717e-01
-1.07553643e+00
-7.09055537e-01
-1.12072661e+00
-8.54673894e-01
-6.74285367e-01
-3.50255343e-01
-3.00470933e-01
-7.29796560e-01
-5.60498164e-02
-3.92742228e-01
3.99815339e-01
2.18680825e-01
-1.20578894e-01
-6.80476387e-02
8.58398686e-01
2.26542615e-01
3.28013435e-01
5.40869253e-01
2.81579145e-01
1.61724842e+00
