-3.11817470e+00
-3.10754753e+00
-3.13361545e+00
-3.09805337e+00
-3.17633981e+00
-3.03357378e+00
-2.99777942e+00
-3.19175143e+00
-3.21957144e+00
-3.13327491e+00
-2.97953180e+00
-2.99907634e+00
-2.94237938e+00
-3.04112017e+00
-2.76644041e+00
-2.89651087e+00
-2.83295798e+00
-2.74558487e+00
-2.67579179e+00
-2.29655856e+00
-2.25024505e+00
-2.10393280e+00
-1.80355477e+00
-1.53911075e+00
-1.29866869e+00
-1.21801021e+00
-9.70326880e-01
-6.74606358e-01
-4.62143915e-01
1.52028703e-01
3.85052249e-01
5.86237320e-01
8.20867292e-01
1.35418378e+00
1.51790291e+00
1.97359368e+00
2.38835348e+00
2.35001392e+00
2.42909018e+00
2.60659158e+00
2.78551271e+00
2.82468055e+00
2.68414101e+00
2.77039281e+00
2.63567632e+00
2.42710386e+00
2.26022937e+00
2.00996543e+00
2.14287285e+00
1.51702292e+00
1.51953361e+00
1.31250780e+00
1.22162214e+00
6.50616053e-01
6.81196318e-01
7.10931371e-01
6.24926251e-01
5.23524984e-01
-1.00499371e-02
-1.69016573e-02
-8.35198410e-02
-4.53588325e-01
-3.68465243e-01
-5.40046804e-01
-7.13265440e-01
-6.84145577e-01
-1.17266146e+00
-8.56038852e-01
-8.75146168e-01
-1.16669626e+00
-9.45191088e-01
-1.13362322e+00
-1.19474410e+00
-1.09116577e+00
-8.21895583e-01
-1.12485063e+00
-1.32466005e+00
-8.90008264e-01
-1.05908281e+00
-1.07400907e+00
-7.72356429e-01
-1.12692365e+00
-9.71023813e-01
-7.04008865e-01
-4.59444468e-01
-5.67191072e-01
-2.76708100e-01
-2.29958925e-01
-7.10759321e-01
-4.04967869e-03
3.15691646e-01
1.92003852e-01
4.20141812e-01
1.76373027e-01
5.13689115e-01
-6.32258573e-02
3.44851624e-01
3.91520659e-01
4.33626574e-01
-5.25502841e-03
