-8.21576873e-02
3.25927648e-01
-2.08754780e-02
-1.66014254e-02
8.19691770e-02
-5.19953716e-02
-7.08002429e-02
1.15814473e-02
-2.59893428e-01
-3.26643323e-02
8.44980610e-02
-1.48790189e-02
-2.46159364e-03
-5.86697963e-02
3.89802121e-03
2.35546480e-01
8.44572563e-02
-2.10083058e-02
-8.60017984e-02
-2.87851131e-02
-1.27745511e-01
7.49247704e-02
7.86032569e-03
-1.17721210e-01
1.05766029e-01
-1.05607712e-01
8.15236209e-02
1.41879012e-02
1.15662625e-03
-7.44339806e-02
-1.14390977e-01
7.11726867e-02
-1.24103831e-01
-2.52862661e-01
-9.41646214e-02
-2.28615413e-01
2.95034645e-01
-1.52734050e-02
1.48564343e-01
7.68698600e-02
2.21227816e-02
-8.70518845e-02
1.55979902e-01
-2.63549679e-01
6.79449273e-02
-1.17915899e-01
-1.66080223e-01
1.09534615e-01
-1.43045715e-03
-1.59061221e-03
1.33873518e-01
9.95979706e-02
1.64931975e-01
3.04799337e-02
6.03929340e-01
-2.47768554e-01
-7.23245778e-03
2.03092204e-03
2.24738285e-01
-1.54640562e-02
1.93473658e-01
4.20575457e-01
1.64824857e-01
5.54092025e-02
1.56271304e-01
6.70526466e-02
-3.72633326e-01
-3.97080216e-02
2.56449145e-01
-1.72788552e-01
2.72926156e-01
-1.87159631e-01
6.14883048e-02
-1.54383984e-01
-1.02195223e-01
-3.19339593e-01
-3.13239172e-01
4.65884405e-01
9.05504342e-03
1.86700467e-01
-1.94187616e-01
-1.23065675e-01
4.50067421e-01
-1.23546382e-02
-4.55506701e-01
5.31175573e-03
-2.59667692e-01
1.30085600e-01
-1.00001468e-01
3.61573145e-02
-1.70880620e-01
2.29817390e-01
-3.79915606e-02
1.19632496e-01
1.17259707e-01
-5.43277436e-01
3.92274033e-01
-3.21023311e-01
-2.35999756e-01
-1.19391820e-01
