-2.36226215e+00
-2.70840615e+00
-2.42356462e+00
-2.42022293e+00
-2.59172580e+00
-2.51040901e+00
-2.48392642e+00
-2.60985966e+00
-2.31285930e+00
-2.55571855e+00
-2.24627363e+00
-2.45530121e+00
-2.40833807e+00
-2.32220556e+00
-2.18401356e+00
-1.95403589e+00
-1.94682000e+00
-1.86214549e+00
-1.74770048e+00
-1.76800779e+00
-1.79158220e+00
-1.41037728e+00
-1.49054734e+00
-1.20114140e+00
-1.22278657e+00
-1.06996794e+00
-9.45317031e-01
-6.82379762e-01
-3.82248454e-01
-3.99113345e-01
-6.41372129e-02
2.43755197e-01
5.46330224e-01
3.63308177e-01
6.76162000e-01
8.95025904e-01
9.90130326e-01
1.38105628e+00
1.56731486e+00
1.22104381e+00
1.79149976e+00
1.59565377e+00
1.44938389e+00
1.62075373e+00
1.19407487e+00
1.38982981e+00
1.43095179e+00
1.36145121e+00
1.18734612e+00
1.23606935e+00
8.96178819e-01
8.79381864e-01
8.44944497e-01
5.04815241e-01
1.92217685e-01
4.17357919e-01
6.99205102e-02
2.70619934e-01
4.41458217e-02
1.81476719e-02
2.85891620e-01
-1.99643200e-01
-4.10584538e-01
-6.10823850e-01
-3.56358892e-01
-6.69821960e-01
-5.63939397e-01
-3.20853436e-01
-7.54238584e-01
-6.23552262e-01
-6.45262172e-01
-8.01090261e-01
-4.96707006e-01
-8.33331356e-01
-5.57652989e-01
-1.03824419e+00
-6.28245864e-01
-1.06149460e+00
-7.47299349e-01
-4.43411539e-01
-9.36927837e-01
-6.41598171e-01
-5.39030428e-01
-6.58732815e-01
-3.32686241e-01
-5.31219349e-01
-5.20226145e-01
-4.12999533e-01
6.11139699e-01
3.85381112e-01
2.79521623e-01
4.22392434e-02
5.22878922e-01
8.76079878e-01
6.25981286e-01
3.34577228e-01
1.48363688e+00
9.15896705e-01
-1.90661626e-02
1.46116364e+00
