-2.75995458e+00
-2.95788974e+00
-2.91201809e+00
-2.85820352e+00
-2.93605716e+00
-2.98721788e+00
-2.91565411e+00
-3.02724940e+00
-2.96448390e+00
-2.95907759e+00
-2.91744145e+00
-2.86894224e+00
-2.93650516e+00
-2.80970501e+00
-2.68533398e+00
-2.72726179e+00
-2.59281171e+00
-2.47831069e+00
-2.41263943e+00
-2.30255322e+00
-2.03699555e+00
-1.84782881e+00
-1.90459776e+00
-1.38411241e+00
-1.42091101e+00
-1.27224858e+00
-6.89964994e-01
-4.36120695e-01
-2.82198605e-01
2.16396219e-01
5.88660172e-01
8.22967410e-01
8.83026334e-01
1.14979357e+00
1.73784356e+00
2.09458498e+00
2.41856752e+00
2.05072213e+00
2.76724930e+00
2.60215731e+00
3.00251840e+00
2.62653912e+00
2.49778816e+00
3.21651731e+00
2.63314214e+00
2.28002890e+00
1.99467242e+00
2.10124999e+00
1.86856582e+00
1.69276874e+00
1.58376960e+00
1.53278786e+00
9.19606081e-01
1.09009010e+00
5.89107085e-01
1.01476971e+00
3.94791995e-01
-5.55143782e-02
-2.86880881e-02
-1.75015218e-01
-2.09870670e-02
-3.43428196e-01
-5.38794753e-01
-5.28509728e-01
-7.71120453e-01
-1.01390318e+00
-1.12218409e+00
-3.24650913e-01
-9.79218616e-01
-1.55279423e+00
-1.26838914e+00
-1.07284079e+00
-1.09886852e+00
-1.47640137e+00
-1.04816220e+00
-1.58895913e+00
-9.76983988e-01
-1.20753826e+00
-1.35292002e+00
-7.64500211e-01
-8.85347055e-01
-8.22532092e-01
-8.70660094e-01
-9.66874475e-01
-3.77051267e-01
-5.85228071e-01
-6.50468060e-02
-5.48429545e-01
-4.90962381e-01
-9.03547307e-02
7.63751641e-03
9.41972285e-02
5.92454714e-01
-2.91274618e-03
-3.62478513e-01
-2.14520185e-01
5.12919320e-01
4.55995133e-01
9.47693854e-01
7.40061082e-01
