-2.83116965e+00
-2.94435570e+00
-2.78283901e+00
-3.08451199e+00
-2.92536375e+00
-3.05062786e+00
-2.96321673e+00
-3.01416802e+00
-2.96491583e+00
-2.85051924e+00
-2.95470899e+00
-2.86164575e+00
-3.00584366e+00
-2.70373228e+00
-2.79338328e+00
-2.63995808e+00
-2.57151609e+00
-2.59260872e+00
-2.39822073e+00
-2.14219576e+00
-2.00589490e+00
-2.03791029e+00
-1.74239801e+00
-1.73626407e+00
-1.58552675e+00
-1.20053376e+00
-9.30681030e-01
-4.89717829e-01
-2.35477118e-01
9.54356802e-02
4.42474748e-01
6.47544315e-01
1.02137358e+00
1.18811575e+00
1.85692718e+00
1.89296872e+00
2.24109408e+00
2.37630112e+00
2.32000069e+00
2.67791782e+00
2.62373978e+00
2.98097467e+00
3.10211612e+00
2.66893858e+00
2.52401831e+00
2.51443993e+00
2.44438330e+00
2.20776409e+00
2.19381757e+00
1.80785627e+00
1.73999386e+00
1.45976964e+00
1.24945782e+00
1.08880433e+00
4.64894514e-01
8.02642057e-01
8.74463891e-01
2.88381300e-01
1.05621106e-01
-2.99594696e-01
-2.68801295e-01
-2.12654504e-01
-3.07769607e-01
-6.21769233e-01
-2.68855893e-01
-1.02836955e+00
-1.33611410e+00
-8.15813521e-01
-1.01832250e+00
-1.27233897e+00
-1.14353069e+00
-8.09272928e-01
-9.98609075e-01
-8.27600271e-01
-1.26393582e+00
-1.06694596e+00
-1.00353930e+00
-1.02765056e+00
-1.22791823e+00
-7.20954747e-01
-6.90675758e-01
-1.19237144e+00
-7.85334593e-01
-9.27023876e-01
-4.83007086e-01
-4.44238117e-01
-4.54980798e-01
-5.36591258e-01
-5.19252846e-02
2.02667866e-01
-8.91516292e-02
5.91068907e-02
2.35444524e-01
5.34409784e-02
-1.85051498e-01
7.37856459e-01
7.33694494e-01
4.70316205e-01
7.38695440e-01
1.14074997e+00
