-2.73581143e+00
-2.87317700e+00
-2.79352416e+00
-2.94172627e+00
-2.94627796e+00
-3.03921328e+00
-3.09292802e+00
-3.09848360e+00
-2.92717134e+00
-2.93784531e+00
-2.86731365e+00
-3.04668533e+00
-2.77427668e+00
-2.84330757e+00
-2.83892461e+00
-2.51754787e+00
-2.69077029e+00
-2.55993709e+00
-2.57466233e+00
-2.31122887e+00
-2.09386367e+00
-1.93073183e+00
-1.81391082e+00
-1.39160983e+00
-1.37130515e+00
-1.10855317e+00
-9.66507867e-01
-6.93010986e-01
-6.42962483e-02
1.48652988e-01
4.06529239e-01
6.66272880e-01
1.08869543e+00
1.50725590e+00
1.78521400e+00
2.05619765e+00
2.33993476e+00
2.31712710e+00
2.64930894e+00
2.69859165e+00
2.71576485e+00
2.97950641e+00
2.85962078e+00
2.74791093e+00
2.40404615e+00
2.55649888e+00
2.37034067e+00
2.25285909e+00
2.16489308e+00
1.71776031e+00
1.25905638e+00
1.57863900e+00
1.00824232e+00
8.49201599e-01
6.43809505e-01
3.78940840e-01
1.58975934e-01
2.13518729e-01
1.34238227e-01
-1.21746445e-01
-2.88804773e-01
-6.99997619e-01
-5.60916651e-01
-6.46359943e-01
-7.51050496e-01
-7.41374854e-01
-5.91998758e-01
-9.15659374e-01
-9.49541829e-01
-9.20628057e-01
-9.88091906e-01
-1.36368816e+00
-1.09560426e+00
-1.14731491e+00
-6.22513412e-01
-1.36322573e+00
-1.12490570e+00
-9.45404070e-01
-1.36250462e+00
-9.14879333e-01
-8.32812240e-01
-7.78317785e-01
-8.08030901e-01
-9.70772372e-01
-2.73708826e-01
-5.80047052e-01
-4.00019767e-01
-2.00112983e-01
-5.66731963e-01
-1.41066735e-02
6.98237389e-02
1.70482335e-01
6.02916485e-01
1.93693736e-01
2.73479364e-01
7.11090581e-01
6.39540950e-01
2.29374700e-01
3.64334717e-01
8.86836191e-01
