-2.79646115e+00
-2.85189797e+00
-3.14617838e+00
-2.84628540e+00
-2.97248403e+00
-2.95224965e+00
-3.04271848e+00
-3.12584109e+00
-2.99958927e+00
-3.06071425e+00
-2.98138032e+00
-2.99206439e+00
-2.94760978e+00
-2.99352476e+00
-3.00482367e+00
-2.76838054e+00
-2.54097693e+00
-2.68671263e+00
-2.47266574e+00
-2.25718259e+00
-2.08593137e+00
-2.13643002e+00
-1.71608263e+00
-1.61740283e+00
-1.26805187e+00
-1.07161758e+00
-8.25751533e-01
-6.57210669e-01
-1.03870960e-01
1.57743196e-01
5.63186321e-01
8.00794832e-01
1.19692006e+00
1.52311170e+00
1.70429034e+00
1.96633826e+00
2.23873132e+00
2.49879568e+00
2.54734829e+00
2.91988766e+00
2.82006694e+00
2.96116696e+00
3.06536670e+00
2.93935552e+00
2.91016821e+00
2.67060849e+00
2.34082183e+00
1.80778739e+00
2.12757779e+00
1.80292114e+00
1.48241815e+00
1.28419026e+00
1.26455575e+00
1.11320960e+00
6.96856922e-01
7.85305937e-01
7.60892499e-01
3.80442824e-03
3.02301262e-01
2.84394036e-01
-2.70330437e-01
-5.74402425e-01
-3.83199673e-01
-4.55155497e-01
-8.14333998e-01
-4.85134206e-01
-7.39261469e-01
-9.25160601e-01
-8.80921455e-01
-8.18705219e-01
-1.23979979e+00
-1.45178534e+00
-8.44917364e-01
-1.09027377e+00
-1.16793433e+00
-1.08647777e+00
-9.95304859e-01
-1.25718397e+00
-1.09266736e+00
-9.38122700e-01
-1.18619204e+00
-9.09714616e-01
-9.08503814e-01
-6.70854869e-01
-4.47629528e-01
-3.24415369e-01
-6.42627579e-01
-5.24067107e-01
-1.69348834e-02
-8.69665269e-02
-3.30203868e-01
-1.57678818e-01
1.30627834e-01
2.90453783e-01
4.11865965e-01
3.17343621e-01
1.03011055e+00
1.09083851e+00
2.11334123e-01
8.27356533e-01
