-2.93501266e+00
-3.18672003e+00
-2.99395905e+00
-3.00611551e+00
-2.94335901e+00
-3.12713332e+00
-2.99660878e+00
-3.12088843e+00
-3.00438832e+00
-3.02345224e+00
-2.96005529e+00
-2.82120221e+00
-3.00590374e+00
-2.92366086e+00
-2.78916645e+00
-2.78842029e+00
-2.61178859e+00
-2.44635011e+00
-2.58520782e+00
-2.30505049e+00
-2.07868046e+00
-2.06049891e+00
-1.81908537e+00
-1.74515442e+00
-1.60868756e+00
-1.10079811e+00
-6.98016973e-01
-5.22691657e-01
-3.27143865e-01
5.46956455e-02
4.13192727e-01
7.35995631e-01
1.00440337e+00
1.08597313e+00
1.49527594e+00
2.15678749e+00
2.12643508e+00
2.27492657e+00
2.69768828e+00
2.91448548e+00
2.73122216e+00
2.83821338e+00
2.55487906e+00
2.74467821e+00
2.47239458e+00
2.57717517e+00
2.37443413e+00
1.94605444e+00
1.91919014e+00
1.49956797e+00
1.47403337e+00
1.41493714e+00
1.35109380e+00
6.13230361e-01
9.94733086e-01
3.56066950e-01
4.49625198e-01
1.15796745e-01
1.96591031e-01
7.66962848e-02
-2.68190847e-01
-2.11685731e-01
-4.97061916e-01
-6.25329879e-01
-8.28991882e-01
-9.72377131e-01
-9.99916052e-01
-1.05611304e+00
-7.57087386e-01
-9.69439853e-01
-1.08178087e+00
-1.16000337e+00
-7.21635308e-01
-1.02504769e+00
-9.48735480e-01
-1.01227425e+00
-1.35665490e+00
-1.02633237e+00
-1.34109297e+00
-1.05063698e+00
-9.70137947e-01
-9.62262486e-01
-9.85644290e-01
-8.69835085e-01
-8.42505966e-01
-8.60720019e-01
-2.84349619e-01
-6.58966938e-01
-2.88116858e-01
-5.21496243e-01
1.76765016e-01
-1.94093583e-01
2.95989938e-02
-6.93105677e-01
6.16947561e-01
5.77145889e-01
-5.93037507e-02
1.22048263e-01
-3.52378865e-01
1.34771752e+00
