-2.54177885e+00
-3.02004909e+00
-2.85244313e+00
-2.85327070e+00
-2.90478098e+00
-3.06556053e+00
-2.89459816e+00
-3.01742686e+00
-2.78482354e+00
-2.89878672e+00
-2.85320886e+00
-2.90392799e+00
-2.76776161e+00
-2.77052071e+00
-2.92325622e+00
-2.45294777e+00
-2.52048771e+00
-2.51229092e+00
-2.28910767e+00
-2.27495245e+00
-2.23811342e+00
-1.94442771e+00
-1.70595674e+00
-1.52278742e+00
-1.28679181e+00
-1.05571417e+00
-7.39141021e-01
-4.04692420e-01
-2.62561610e-01
9.12762932e-02
3.03157730e-01
6.58745982e-01
9.53803855e-01
1.48605151e+00
1.27972160e+00
1.94052940e+00
1.79924404e+00
1.93925691e+00
2.27597811e+00
2.57000665e+00
2.66118364e+00
2.93071189e+00
2.77476736e+00
2.73616126e+00
2.19486321e+00
2.62667473e+00
2.11541761e+00
2.16368698e+00
2.32407844e+00
1.83214872e+00
1.67167618e+00
1.55003138e+00
9.10430713e-01
8.59852297e-01
7.48318014e-01
6.71232271e-01
3.42769215e-01
-6.50009427e-02
-2.40865297e-02
2.35109694e-01
-2.28870526e-01
-3.78970277e-01
-4.83316921e-01
-6.02317016e-01
-7.65637034e-01
-8.30060048e-01
-1.09978689e+00
-9.31237986e-01
-6.94115791e-01
-1.01135548e+00
-1.02443958e+00
-9.72504657e-01
-7.59115181e-01
-6.84488640e-01
-7.18487315e-01
-1.13232921e+00
-8.43829148e-01
-8.84812147e-01
-9.58282453e-01
-7.65089005e-01
-8.03505209e-01
-1.05493594e+00
-1.28119670e+00
-9.95611481e-01
-6.66737599e-01
-7.31092880e-01
-2.90935029e-01
-5.54278136e-01
-2.83078062e-01
-9.62860341e-02
-4.12723212e-02
-2.96247342e-01
1.07354071e-01
5.48186072e-01
-1.53543013e-01
3.37351950e-01
4.83530252e-01
6.13299127e-01
-5.66901627e-01
1.08435825e+00
