-6.81442134e-02
-2.60793885e-02
4.56281841e-03
4.50034511e-02
3.21625830e-04
-1.34016790e-01
1.57401485e-02
5.60240100e-03
9.99241674e-02
-7.16348696e-02
-9.88844920e-04
-4.48386431e-02
-1.99958531e-01
-5.51215406e-03
-4.84497293e-02
3.42474809e-02
-3.52039286e-03
1.19922614e-01
-4.42441616e-02
1.43605613e-01
1.28944947e-01
-6.15057399e-02
2.28634013e-02
-1.36023895e-01
-4.97570851e-02
-2.30086325e-01
2.45654172e-01
-2.10702569e-01
1.02210150e-01
1.26036746e-01
-3.61518627e-02
5.10778386e-03
2.66186341e-01
-1.56157904e-01
2.24058874e-01
-1.10887622e-02
-1.37670464e-01
1.70747641e-01
-9.75827168e-02
6.35019783e-02
-4.02851069e-01
-2.60680550e-02
1.89892594e-01
-2.81677647e-01
9.63161020e-03
-3.38533594e-01
5.68468184e-02
-2.25126069e-01
-5.55121631e-02
-8.32094977e-02
-1.08209861e-01
-1.68541306e-01
-1.69523249e-01
-1.59844087e-01
-3.41348503e-01
1.94486395e-02
-8.33467881e-02
6.99505427e-03
-1.18765739e-01
1.73362466e-01
-8.25829287e-02
1.83604373e-01
1.44860222e-01
-1.69526089e-01
-3.65183607e-01
-1.33944512e-02
2.35845285e-01
-7.24175443e-02
-4.16742066e-02
-1.38615242e-01
-5.04296424e-02
3.83272744e-02
2.19739918e-01
2.51876560e-03
-9.15125924e-02
2.14010551e-01
1.72257413e-01
-1.83956079e-01
3.59671119e-01
3.55789926e-01
2.81758788e-01
2.05815027e-01
-4.13501129e-02
-1.63049666e-01
6.31761928e-03
2.81902148e-01
-1.13190349e-01
3.18699023e-01
2.42608796e-01
-1.97647635e-01
1.10922932e-01
-1.60517410e-01
-7.63607689e-02
2.70127253e-01
5.72703883e-01
2.38304651e-01
1.57471810e-01
6.96211931e-01
3.01442805e-01
-4.07158110e-01
