-3.00089674e+00
-3.19756145e+00
-3.14221000e+00
-3.01913186e+00
-3.24276908e+00
-3.15972296e+00
-3.15137940e+00
-3.14401523e+00
-3.03806174e+00
-3.26819380e+00
-3.00769096e+00
-3.04445624e+00
-3.10568977e+00
-2.96437443e+00
-2.92407314e+00
-2.71401969e+00
-2.66934759e+00
-2.52298627e+00
-2.45769175e+00
-2.56063764e+00
-2.23779479e+00
-2.20978017e+00
-1.74402880e+00
-1.67312740e+00
-1.43628974e+00
-1.07835910e+00
-8.49498803e-01
-4.70509913e-01
-1.04657847e-01
-3.87377450e-02
1.28525584e-01
1.02774016e+00
8.41754651e-01
1.38864200e+00
1.60916364e+00
1.84205309e+00
2.33401419e+00
2.45892999e+00
2.56845457e+00
2.93536536e+00
3.02852471e+00
2.89041069e+00
2.89944358e+00
2.70944534e+00
2.82515415e+00
2.55767195e+00
2.42057108e+00
2.23368804e+00
2.15022614e+00
1.83917942e+00
1.44039078e+00
1.19783124e+00
1.22692903e+00
9.17224140e-01
9.52462413e-01
6.18183459e-01
4.97196823e-01
2.79839899e-01
2.67683317e-01
-3.23800310e-03
-4.75185499e-01
-4.88700694e-01
-1.03823425e-01
-8.26481667e-01
-7.19667132e-01
-5.65470951e-01
-1.18444791e+00
-8.18111667e-01
-1.23428995e+00
-1.08672001e+00
-8.37642571e-01
-1.30533075e+00
-1.07091066e+00
-1.11241635e+00
-1.35758899e+00
-9.61910105e-01
-9.23254273e-01
-1.33898184e+00
-1.32085549e+00
-1.10228798e+00
-1.10135373e+00
-8.43189347e-01
-1.18309057e+00
-1.01617929e+00
-6.51497610e-01
-7.90885415e-01
-5.03240226e-01
-2.56126512e-01
-3.37746843e-01
-1.07131681e-01
-1.64467395e-01
-5.93118976e-02
3.53091108e-01
2.56531259e-01
2.30134085e-01
2.66403381e-01
6.55500607e-01
7.29071687e-01
1.02916090e+00
4.78200147e-01
