-2.57183686e+00
-2.81123811e+00
-2.89553763e+00
-2.89522752e+00
-2.84459432e+00
-2.96656952e+00
-2.98686429e+00
-3.02068259e+00
-3.01071826e+00
-2.97493175e+00
-2.91184091e+00
-2.86198046e+00
-2.91048639e+00
-2.81847271e+00
-2.71999063e+00
-2.59565284e+00
-2.51887914e+00
-2.52636057e+00
-2.36738511e+00
-2.18701335e+00
-2.04726911e+00
-2.01969666e+00
-1.66280306e+00
-1.61183137e+00
-1.19155395e+00
-1.19321636e+00
-9.34804858e-01
-7.45239458e-01
-2.10045068e-01
-9.79045679e-03
1.97108456e-01
6.73863117e-01
9.83664679e-01
1.57989831e+00
1.71702604e+00
1.81181343e+00
2.16165493e+00
2.14015104e+00
2.08356959e+00
2.59795605e+00
2.55968283e+00
2.77351881e+00
2.63613889e+00
2.62996543e+00
2.41673954e+00
2.38187268e+00
2.62976124e+00
2.07075412e+00
2.12607673e+00
1.90874078e+00
1.33404796e+00
1.24748425e+00
1.41882143e+00
8.18269903e-01
7.70844654e-01
7.75510963e-01
5.44106672e-01
8.38651481e-02
5.47906182e-01
7.38640595e-02
-1.56161501e-01
-4.39024253e-01
-1.40225263e-01
-5.34939057e-01
-5.52496288e-01
-9.18070960e-01
-6.84998328e-01
-7.72004922e-01
-9.03288818e-01
-1.05892852e+00
-9.03922910e-01
-1.27405244e+00
-9.52676782e-01
-1.04366617e+00
-1.22480865e+00
-1.30766015e+00
-8.23872167e-01
-9.88271864e-01
-1.07804642e+00
-1.09623426e+00
-1.16236622e+00
-9.94771317e-01
-1.06404042e+00
-9.03304304e-01
-7.56242448e-01
-8.25793702e-01
-4.89411261e-01
-5.55187043e-01
-1.27889145e-01
1.85782170e-01
-1.30273437e-01
-1.05417132e-01
1.33205171e-01
8.15530845e-02
3.20947429e-01
7.69447630e-01
6.98951244e-01
1.13826663e-01
1.07060598e+00
1.56009027e+00
