-2.94675931e+00
-2.91044874e+00
-2.77275236e+00
-2.76885547e+00
-2.85156958e+00
-2.89179745e+00
-2.77060048e+00
-2.83956004e+00
-2.97011668e+00
-3.03725230e+00
-2.86777040e+00
-2.83507469e+00
-2.81247306e+00
-2.64941354e+00
-2.71176846e+00
-2.72110626e+00
-2.61929450e+00
-2.61824355e+00
-2.30640137e+00
-2.31190552e+00
-2.06876462e+00
-2.04444000e+00
-1.52309390e+00
-1.56644630e+00
-1.27207681e+00
-8.59308638e-01
-9.63457846e-01
-5.19889568e-01
-4.78721007e-01
-1.04088873e-01
4.49527377e-01
8.24980756e-01
1.06547086e+00
1.38668019e+00
1.75848398e+00
1.84943552e+00
2.28215001e+00
2.26109956e+00
2.72158304e+00
2.89640012e+00
2.49631870e+00
2.71381595e+00
2.87256940e+00
2.71163586e+00
2.63942199e+00
2.28232301e+00
2.46393699e+00
2.10881402e+00
2.24988091e+00
2.05120049e+00
1.47791759e+00
1.47056831e+00
1.33728046e+00
1.05281910e+00
7.02647640e-01
4.58877547e-01
5.15939859e-01
2.79530416e-01
1.23339486e-01
-9.46953958e-02
-1.04481945e-02
-3.22346502e-01
-5.90156306e-01
-4.12617210e-01
-7.30378433e-01
-7.94885048e-01
-1.02044313e+00
-7.81420051e-01
-1.00286158e+00
-1.07605577e+00
-9.69518803e-01
-1.28000483e+00
-1.18183281e+00
-1.05228361e+00
-1.00205414e+00
-1.06726816e+00
-7.86368279e-01
-1.12272006e+00
-1.01717459e+00
-1.15657175e+00
-9.35493020e-01
-9.29987460e-01
-9.65432078e-01
-7.68691028e-01
-3.44850865e-01
-5.85988196e-01
-2.37655676e-01
-1.44025232e-01
5.20669266e-02
-3.01573828e-02
-1.19441199e-01
1.71705754e-01
-1.53709872e-01
2.31551676e-01
3.24264648e-01
1.36060263e-01
7.38912064e-01
1.45960453e-01
3.24791358e-01
1.25710709e+00
