-2.90312182e+00
-3.12336171e+00
-3.13175883e+00
-3.04642256e+00
-3.18562422e+00
-3.13598612e+00
-3.19707095e+00
-3.19407260e+00
-3.05964289e+00
-3.11461676e+00
-3.09050523e+00
-3.06184067e+00
-3.06156930e+00
-3.00392062e+00
-2.92059237e+00
-3.00608666e+00
-2.91038992e+00
-2.67817960e+00
-2.64476782e+00
-2.63550417e+00
-2.38778066e+00
-2.13810070e+00
-1.76686070e+00
-1.60575218e+00
-1.47684368e+00
-1.26821382e+00
-7.57284066e-01
-5.36596483e-01
-1.46594645e-01
2.36264207e-01
5.87468379e-01
9.58145015e-01
1.20607675e+00
1.62817904e+00
1.76415623e+00
2.23801489e+00
2.07401537e+00
2.41868511e+00
2.61347429e+00
3.00475175e+00
2.88929005e+00
2.86785446e+00
2.84438625e+00
2.95888660e+00
2.71330351e+00
2.53431156e+00
2.70118196e+00
2.06310597e+00
2.51669755e+00
1.90203861e+00
1.39574439e+00
1.45976841e+00
1.39964181e+00
1.22207704e+00
1.28388410e+00
7.05569896e-01
3.67615747e-01
2.33118179e-01
-1.47381886e-01
1.28531570e-01
-1.40362013e-01
-2.60816908e-01
-4.97996202e-01
-6.21131378e-01
-6.29579359e-01
-9.35175986e-01
-9.04017975e-01
-9.28689726e-01
-1.16697605e+00
-1.11127357e+00
-1.36045300e+00
-1.23590933e+00
-1.23217041e+00
-1.31452452e+00
-1.53291270e+00
-1.23991631e+00
-9.34048544e-01
-1.11150696e+00
-1.13064320e+00
-1.07048041e+00
-8.07273300e-01
-9.27883156e-01
-6.30181594e-01
-5.16791468e-01
-3.99613429e-01
-3.80353724e-01
-3.22621965e-01
-4.25834399e-01
-5.28477431e-01
5.55160390e-03
3.22207543e-01
3.53219646e-01
6.39054680e-01
-2.43837536e-01
-2.01210454e-01
8.49398564e-02
2.89259476e-01
1.26164830e+00
9.22233692e-01
8.31768899e-01
