-2.76693224e+00
-3.11122032e+00
-3.02525254e+00
-2.99215517e+00
-3.22596017e+00
-3.05975084e+00
-3.00256080e+00
-3.02185745e+00
-2.87718757e+00
-3.05178886e+00
-2.96815583e+00
-2.91786283e+00
-2.89561858e+00
-2.94776053e+00
-2.75049237e+00
-2.80526496e+00
-2.56024853e+00
-2.68383844e+00
-2.49764439e+00
-2.25415950e+00
-2.01801919e+00
-1.96643314e+00
-1.54362847e+00
-1.90490491e+00
-1.57302667e+00
-1.07351656e+00
-9.31041771e-01
-5.46140833e-01
-2.70593476e-01
7.31290129e-02
5.47537751e-01
7.24088013e-01
9.55950825e-01
1.47158965e+00
1.59081678e+00
2.19079876e+00
2.21004062e+00
2.37376739e+00
2.23649265e+00
2.88104624e+00
2.87781958e+00
2.77465134e+00
2.97340490e+00
2.79155929e+00
2.58265577e+00
2.37534276e+00
2.15610075e+00
1.97800727e+00
1.82637254e+00
1.80721539e+00
1.34955890e+00
1.22693890e+00
1.27838771e+00
1.08028845e+00
8.40538272e-01
4.21704507e-01
4.72411113e-01
2.20094491e-01
2.28777523e-01
-1.56841118e-01
5.05995677e-02
-5.66995393e-01
-2.50330970e-01
-4.94730189e-01
-5.60857079e-01
-9.63171411e-01
-1.31948765e+00
-7.43081351e-01
-8.76209246e-01
-1.27892811e+00
-7.38186896e-01
-1.13429040e+00
-9.23646757e-01
-1.19077067e+00
-1.16604044e+00
-9.68823605e-01
-9.68769206e-01
-1.11349550e+00
-1.11673664e+00
-8.10310067e-01
-1.09745148e+00
-8.07832979e-01
-8.36934339e-01
-9.49344795e-01
-4.79431663e-01
-5.92345590e-01
-5.01071566e-01
-4.35018490e-01
-2.75098317e-01
-8.22414482e-02
1.53605355e-01
-1.44160078e-02
-1.84337250e-01
5.13128915e-02
-6.58759662e-02
9.46069982e-02
6.38687630e-01
2.30250069e-01
1.19150424e+00
8.21176707e-01
