-2.97333430e+00
-2.90168153e+00
-2.85758822e+00
-2.98594497e+00
-2.93917677e+00
-2.96680934e+00
-2.98772057e+00
-3.08419959e+00
-2.86500318e+00
-2.98629102e+00
-2.93465375e+00
-2.91565577e+00
-2.82356202e+00
-2.91134619e+00
-2.75583624e+00
-2.58334084e+00
-2.51349487e+00
-2.64904258e+00
-2.40931524e+00
-2.18650339e+00
-2.17429387e+00
-1.99944554e+00
-1.88646873e+00
-1.45197391e+00
-1.39815017e+00
-1.02965972e+00
-9.80975853e-01
-7.77490736e-01
-2.76048114e-01
1.23358716e-01
4.21260642e-01
8.08215110e-01
1.14969050e+00
1.50147434e+00
1.59133434e+00
2.02691301e+00
2.07341962e+00
2.42149675e+00
2.50490307e+00
2.65082915e+00
2.69641762e+00
2.82568528e+00
2.76825810e+00
2.71043273e+00
2.61195469e+00
2.80178121e+00
2.30854378e+00
2.28423229e+00
1.94891501e+00
1.75557922e+00
1.44520128e+00
1.31160623e+00
1.19492942e+00
8.04048074e-01
8.96856361e-01
3.62235495e-01
-8.13411690e-02
3.27589851e-01
9.55624573e-02
-2.22461990e-01
-1.26021776e-01
-8.81453696e-02
-2.16729790e-01
-5.57309073e-01
-8.70132881e-01
-1.06285428e+00
-1.21606369e+00
-1.18306320e+00
-7.33886588e-01
-1.08333169e+00
-9.48574947e-01
-1.38003098e+00
-9.98153150e-01
-7.25263129e-01
-9.21079674e-01
-1.29768167e+00
-1.13478916e+00
-1.26874092e+00
-1.18252302e+00
-9.94313390e-01
-9.11036285e-01
-6.39304555e-01
-1.01662700e+00
-9.51426323e-01
-6.42236955e-01
-7.69881320e-01
-1.99553204e-01
-3.35537323e-01
-4.92905760e-01
-5.11661078e-01
-2.38039506e-01
2.62827494e-01
-4.15381997e-01
5.39464485e-01
-1.84784613e-01
5.04208655e-01
2.34593014e-01
7.14382143e-01
3.79760411e-01
5.57569727e-01
