 -1.81207184e+00
 -2.07598042e+00
 -1.78356822e+00
 -1.73289482e+00
 -1.74966934e+00
 -1.83922731e+00
 -1.75332253e+00
 -1.96459335e+00
 -1.76255174e+00
 -1.80454689e+00
 -1.77681334e+00
 -1.68242791e+00
 -1.62249622e+00
 -1.71435467e+00
 -1.64345981e+00
 -1.62456500e+00
 -1.48076415e+00
 -1.54295344e+00
 -1.51619859e+00
 -1.63957097e+00
 -1.26536505e+00
 -1.55078817e+00
 -1.17366122e+00
 -1.42385563e+00
 -1.42182028e+00
 -1.16803555e+00
 -1.23287698e+00
 -1.47406038e+00
 -1.01377191e+00
 -1.20204935e+00
 -1.08966705e+00
 -7.38003010e-01
 -8.06973149e-01
 -5.42180142e-01
 -5.84196581e-01
 -3.39332849e-01
 -3.31604917e-01
 -5.46847080e-01
 -3.31192246e-01
 -6.40080359e-02
 -5.88231622e-04
 1.83675128e-02
 4.10541748e-02
 2.54530057e-01
 2.43325197e-01
 3.72562349e-01
 2.99273130e-01
 1.67071513e-01
 3.15925627e-01
 2.52527501e-01
 4.61476150e-02
 1.23199303e-01
 2.24314223e-01
 4.81728407e-01
 1.93472708e-01
 3.51781809e-01
 1.76438374e-01
 1.92691229e-01
 4.66833390e-02
 -2.16719978e-02
 3.37624975e-01
 -4.06606388e-02
 4.42595143e-02
 -1.69952570e-02
 5.23027341e-02
 -5.39934941e-02
 -3.62421423e-01
 1.54096796e-01
 -3.50079775e-02
 -1.39458152e-01
 -2.70087122e-01
 -4.72112567e-01
 -1.71824892e-01
 -4.43059835e-01
 -3.06481471e-01
 -4.51067059e-01
 -4.03769199e-01
 -3.78694778e-01
 -1.97739811e-01
 -6.48662588e-01
 -5.83676715e-01
 -2.84756340e-01
 -6.81434911e-01
 -1.43501741e-01
 5.51936970e-02
 -4.15536275e-01
 -1.20003937e-01
 -4.46272354e-01
 -1.52811658e-02
 -4.11494016e-01
 -1.80220937e-02
 2.09690580e-01
 -1.29995084e-01
 -2.50520588e-01
 -1.50595067e-01
 -5.45574774e-02
 4.34016563e-02
 3.19795468e-01
 1.28647749e-01
 -1.00182340e-01
