8.05160324e-02
-1.02384122e-01
-7.14596475e-02
-2.43131554e-01
-7.79691230e-02
-8.91111370e-02
1.16563450e-02
-9.02630120e-02
-5.96812177e-02
4.80807789e-02
1.50390062e-02
-5.71515047e-02
-9.45558234e-02
8.24740706e-02
-2.46410448e-02
-1.09027553e-01
-4.60232249e-02
8.76190704e-03
-5.34038698e-02
1.47848228e-02
-8.13698809e-03
8.64318012e-02
-1.05726425e-01
-2.11353750e-01
1.42852190e-01
-8.97347117e-02
9.25535220e-02
-1.72748911e-01
1.43038991e-01
7.61305086e-03
5.28834246e-02
-1.01265391e-01
-8.82158243e-02
-3.14817371e-02
-2.17000322e-01
-2.78430003e-01
-1.63768730e-02
-1.75869759e-01
1.08375254e-03
-4.00653177e-02
-3.46819044e-01
1.13701044e-01
-9.31287954e-02
4.96501135e-02
7.37602787e-02
-8.70285523e-02
-8.62331389e-02
6.51478831e-02
-6.51111289e-02
-2.12881228e-01
-2.82223022e-02
1.97476413e-01
-3.13074270e-01
-7.21750329e-02
1.67429101e-01
-9.68295092e-02
-1.89366911e-01
-6.12149233e-02
-1.65333252e-01
-3.44860068e-01
-1.14262873e-01
1.49696326e-01
-2.95957735e-01
1.40117277e-01
-2.83184888e-02
-3.19084426e-01
6.16207894e-02
-2.24984341e-01
-2.38464481e-02
-2.77079957e-01
-1.87206218e-01
-1.51537663e-01
-6.37618876e-02
-2.07290436e-02
-2.65249559e-01
1.70113916e-01
-1.41009871e-01
4.51426186e-03
5.73725290e-02
1.90145578e-02
-2.96865996e-01
1.51406619e-01
3.12844717e-01
1.86049881e-01
2.43790070e-01
-3.54968042e-01
-8.10118233e-03
-5.53152743e-02
-9.54531391e-02
8.92156612e-02
-1.75851394e-01
-2.37494495e-01
1.82749728e-01
1.26204586e-01
4.32975114e-01
2.88904810e-01
-2.32564254e-01
2.56374053e-01
1.38318760e-01
5.48939566e-01
