-2.77672864e+00
-2.65592440e+00
-2.87241487e+00
-2.71147418e+00
-2.70514378e+00
-2.72631255e+00
-2.79188862e+00
-2.87726635e+00
-2.73447455e+00
-2.69785849e+00
-2.68213075e+00
-2.65936348e+00
-2.59670245e+00
-2.58133328e+00
-2.46925122e+00
-2.54017825e+00
-2.13316362e+00
-2.28602647e+00
-2.16393770e+00
-2.14882362e+00
-1.92022851e+00
-1.87002488e+00
-1.61471561e+00
-1.45121170e+00
-1.34097087e+00
-1.08289376e+00
-8.48961329e-01
-6.59123739e-01
-2.00680221e-01
3.01331297e-02
-9.56697613e-02
7.34999181e-01
8.02109346e-01
1.09814021e+00
1.44280096e+00
1.50548788e+00
1.59480548e+00
1.83513330e+00
1.99490306e+00
2.27887235e+00
2.85905131e+00
2.69601121e+00
2.56657803e+00
2.67689645e+00
2.24835280e+00
2.22856575e+00
2.19090233e+00
2.11448337e+00
2.07930428e+00
1.74837084e+00
1.40734798e+00
1.10028866e+00
1.28852034e+00
1.10657232e+00
7.86013990e-01
5.45170613e-01
4.05470384e-01
3.04258098e-01
4.85457343e-01
7.92198121e-02
-1.27046477e-01
-4.32803257e-01
6.87114408e-02
-3.99621575e-01
-3.89164626e-01
-5.21260705e-01
-8.40308640e-01
-4.92475427e-01
-5.53595823e-01
-9.82002328e-01
-8.84549046e-01
-9.78026889e-01
-9.85979178e-01
-1.07427970e+00
-1.12008165e+00
-1.08938143e+00
-9.14353458e-01
-1.23814808e+00
-1.09645337e+00
-5.71993491e-01
-9.39100194e-01
-9.04221166e-01
-9.11192214e-01
-1.15348810e+00
-4.60257326e-01
-4.02370925e-01
-8.00825792e-01
-9.15301440e-02
-2.21889015e-01
-2.00416652e-01
-2.33487436e-01
3.37725648e-01
5.82681310e-01
-7.15727008e-02
8.79488356e-01
1.29511682e+00
3.81580279e-01
5.80959448e-01
7.35565150e-01
1.09225257e+00
