-2.25194077e+00
-2.21413290e+00
-2.11032569e+00
-2.25837546e+00
-2.15779043e+00
-2.28638485e+00
-2.20869019e+00
-2.22981786e+00
-2.07462883e+00
-2.25135639e+00
-2.17247407e+00
-2.02971185e+00
-2.26574346e+00
-2.04585109e+00
-1.98645348e+00
-2.18740058e+00
-1.99874123e+00
-1.81780190e+00
-1.78012592e+00
-1.88594853e+00
-1.73386100e+00
-1.72204472e+00
-1.42581213e+00
-1.68954922e+00
-1.66516011e+00
-1.40779421e+00
-1.15418049e+00
-1.15342205e+00
-1.28970552e+00
-9.50166889e-01
-7.06133081e-01
-5.01051030e-01
-4.76156327e-01
-1.86455156e-01
1.26517237e-01
-8.86790347e-02
3.95014285e-01
4.03639883e-01
4.09930432e-01
7.39251830e-01
8.90614030e-01
1.37526955e+00
1.35352399e+00
1.48320734e+00
1.19005255e+00
1.28058184e+00
1.44849173e+00
1.16789021e+00
1.56795225e+00
1.51709075e+00
1.35686005e+00
1.26456300e+00
1.26775651e+00
7.88045851e-01
6.00626367e-01
7.43249785e-01
1.01458457e+00
5.88269746e-01
5.26110584e-01
4.26627615e-01
4.10589985e-01
2.60706362e-01
3.73879845e-01
8.56826086e-02
-3.13870366e-01
-1.77218718e-01
-3.71362335e-01
-4.34072568e-01
-4.15730476e-01
-7.00281548e-01
-6.99827627e-01
-6.81278711e-01
-5.87059093e-01
-8.92384102e-01
-9.13999351e-01
-7.27799296e-01
-7.83581671e-01
-9.05491379e-01
-6.70464433e-01
-6.07622139e-01
-6.42555531e-01
-6.24752819e-01
-9.52814545e-01
-8.56758218e-01
-5.14015404e-01
-1.12875513e+00
-5.93342374e-01
-3.87614400e-01
-6.13975743e-01
-4.55296762e-01
-1.41489236e-01
-5.08539813e-01
-1.37813488e-01
3.82482239e-01
-7.38638980e-01
5.15797944e-01
-7.24735175e-02
7.77938972e-01
7.17472407e-01
1.26823763e+00
