1.11902533e-01
2.60099200e-02
7.78833685e-02
-6.92242558e-02
1.16907487e-01
6.68554376e-02
-4.67642223e-02
1.15579069e-03
-9.77127641e-02
2.92605538e-02
-2.94589987e-02
-1.08374198e-01
-1.27930827e-02
2.19857785e-02
1.23664964e-01
8.03127124e-03
8.44883748e-03
6.18018191e-02
-8.50686631e-03
2.23355321e-01
3.21215388e-02
6.84388920e-02
-1.07726197e-01
3.19134673e-02
-4.40225675e-02
-1.11970126e-01
1.05178099e-01
1.85726018e-01
8.96896238e-03
1.84202691e-01
-1.21561214e-01
-1.08320515e-01
-3.66521434e-02
-1.18293071e-01
1.78759958e-01
-7.40960189e-02
4.04981665e-02
-2.46777560e-02
-1.27328156e-01
-3.90697544e-01
-6.44156243e-02
2.54690644e-02
-7.71461664e-02
8.12086465e-02
-1.58253480e-01
-1.64834139e-01
4.49177964e-01
-1.30605115e-01
-2.10830975e-01
1.44684018e-01
-1.39884933e-02
-5.46554300e-02
1.89752632e-01
-1.65661901e-01
1.14119822e-01
-1.89323926e-01
6.73425262e-02
2.17181705e-01
1.70870095e-02
-6.07602053e-02
-2.01580474e-02
-2.04978734e-01
1.15524540e-01
-1.53751966e-01
-1.32536543e-01
1.81462330e-01
-7.78441529e-02
-3.93668056e-02
1.25605933e-01
1.45046124e-01
1.35316071e-01
-4.77984633e-01
6.40302274e-02
-5.59734795e-02
2.74104136e-02
-1.30779433e-01
-2.46887877e-01
4.79842796e-01
7.92500069e-02
8.23185693e-02
1.07715216e-01
1.80143785e-01
-6.49931260e-02
-2.38332111e-01
2.61135181e-01
-6.66367780e-02
-1.22679177e-01
-1.49835290e-01
-2.79169009e-01
-5.95817753e-02
-2.99449641e-02
-1.00435872e-01
1.91262422e-01
4.22799782e-01
5.10504791e-01
1.23460175e-01
-2.44672413e-01
-2.40308384e-01
-3.43731251e-01
-1.28999701e-01
