-2.33173457e+00
-2.49701749e+00
-2.44587108e+00
-2.30899398e+00
-2.29213364e+00
-2.41267416e+00
-2.36480314e+00
-2.21643846e+00
-2.34610286e+00
-2.38272845e+00
-2.24960127e+00
-2.04429669e+00
-2.31559570e+00
-2.03421104e+00
-1.99529417e+00
-2.18811001e+00
-1.94009323e+00
-1.68527973e+00
-1.88702526e+00
-1.87995782e+00
-1.59749523e+00
-1.47107886e+00
-1.30367906e+00
-1.44626331e+00
-1.25527459e+00
-9.59372866e-01
-1.10088557e+00
-8.11669774e-01
-6.79495964e-01
-4.99982338e-01
-2.89087929e-01
1.80322527e-01
2.04812100e-01
5.85285477e-01
7.30594885e-01
8.74108451e-01
1.20265343e+00
1.32966038e+00
1.52908187e+00
1.49718384e+00
1.70316290e+00
1.68969700e+00
1.67691644e+00
1.81548416e+00
1.60392505e+00
1.73038505e+00
1.43150513e+00
1.33009537e+00
1.62647090e+00
1.28891084e+00
8.69647746e-01
1.21569819e+00
1.05302421e+00
1.01432487e+00
5.61408293e-01
6.24814005e-01
6.28110642e-01
1.50618511e-01
1.74348745e-01
5.16840776e-02
1.44165923e-01
6.96361119e-02
-1.20649146e-01
-2.49712916e-01
-2.71304262e-01
-1.95986546e-01
-5.21610974e-01
-1.96388857e-01
-3.80495256e-01
-5.39189759e-01
-1.00217096e+00
-7.66947053e-01
-5.00931621e-01
-6.13848877e-01
-9.56345541e-01
-7.21321136e-01
-6.28315477e-01
-9.85528922e-01
-7.09633153e-01
-3.24911469e-01
-6.24625330e-01
-2.54713800e-01
-6.54594385e-01
-6.84807399e-01
-4.16942468e-01
-5.17551792e-01
-2.03699618e-01
-3.15070547e-01
-2.66354424e-01
-3.13653993e-01
1.86162822e-01
1.20342882e-01
5.57767756e-01
4.63212475e-01
8.77616714e-01
3.60652833e-01
9.72450540e-01
2.29473892e-01
3.82157816e-01
1.01946981e+00
