-2.74288496e+00
-2.59926538e+00
-2.53380308e+00
-2.61422834e+00
-2.75227788e+00
-2.71221587e+00
-2.64162252e+00
-2.62221857e+00
-2.59631601e+00
-2.57680249e+00
-2.63838933e+00
-2.46067579e+00
-2.54310778e+00
-2.31375823e+00
-2.19461119e+00
-2.29923030e+00
-2.16256300e+00
-2.00999321e+00
-1.99007294e+00
-2.10753078e+00
-1.90519636e+00
-1.62592285e+00
-1.56081768e+00
-1.29485425e+00
-1.35993995e+00
-1.05724183e+00
-6.68856138e-01
-7.63640615e-01
-2.66163871e-01
1.14153280e-01
5.04657696e-01
4.64461603e-01
7.88681697e-01
1.06613660e+00
1.56746992e+00
1.73696658e+00
1.73315135e+00
1.68834656e+00
2.01070270e+00
2.31400008e+00
2.11230017e+00
2.55588302e+00
2.52834702e+00
2.58657865e+00
1.87534685e+00
2.21667436e+00
2.32025158e+00
1.88874206e+00
1.67700231e+00
1.44930986e+00
1.48767043e+00
1.31581046e+00
1.00680400e+00
8.56384904e-01
5.76489070e-01
7.48633786e-01
4.28053844e-01
3.88962579e-01
4.57531021e-02
6.92291405e-02
-2.04541675e-02
-4.06341607e-01
8.60550700e-02
-5.45152042e-01
-2.91464445e-01
-5.43166441e-01
-9.48534873e-01
-1.17549856e-01
-4.45298115e-01
-4.91789866e-01
-9.12992805e-01
-9.79568791e-01
-7.67951152e-01
-7.90149757e-01
-1.18096124e+00
-1.12913582e+00
-9.25153327e-01
-1.21025055e+00
-1.19033417e+00
-6.98869487e-01
-5.35402998e-01
-3.46767358e-01
-8.64475997e-01
-7.42004967e-01
-2.65969721e-01
-5.29805216e-01
-5.19080109e-01
-3.08430771e-01
-1.71451381e-01
-2.96703065e-01
1.64156551e-01
-1.84306162e-01
-1.13100095e-01
3.20341118e-01
-1.31869857e-01
1.30805730e+00
4.32461101e-01
1.79709437e+00
1.33808937e+00
5.81141790e-01
