-2.59269395e+00
-2.55522630e+00
-2.47846692e+00
-2.55763137e+00
-2.80736939e+00
-2.62313800e+00
-2.75228297e+00
-2.79798462e+00
-2.58428568e+00
-2.61732360e+00
-2.58973475e+00
-2.62351924e+00
-2.41565694e+00
-2.22452183e+00
-2.46792142e+00
-2.31141325e+00
-2.14526523e+00
-2.26901924e+00
-2.12752834e+00
-1.89051166e+00
-1.89394932e+00
-1.80387677e+00
-1.52105853e+00
-1.33193191e+00
-1.21578035e+00
-8.43339847e-01
-7.49121749e-01
-4.62133133e-01
-1.92101837e-01
3.38004563e-02
2.32054114e-01
7.92755179e-01
5.96369211e-01
9.87361735e-01
1.34074010e+00
1.56736676e+00
2.10674058e+00
2.07775697e+00
2.09955446e+00
2.40673392e+00
2.37326695e+00
2.48056300e+00
2.36466696e+00
2.15904830e+00
2.28403207e+00
2.16896390e+00
2.01341543e+00
1.92124824e+00
1.77767532e+00
1.45476591e+00
1.47293410e+00
1.15260294e+00
9.31651937e-01
1.09159742e+00
8.02573979e-01
6.17544092e-01
3.98458994e-01
2.15046018e-01
1.69592353e-01
9.90589468e-02
-1.69500020e-01
-2.07138776e-01
-2.54516572e-01
-4.68170977e-01
-6.01271970e-01
-5.06549720e-01
-4.38789792e-01
-2.04556360e-01
-8.45476086e-01
-8.38970884e-01
-7.05140429e-01
-1.08885049e+00
-1.07220278e+00
-6.72048440e-01
-9.26147998e-01
-9.29419432e-01
-1.15834499e+00
-1.00805115e+00
-8.79182962e-01
-7.24331936e-01
-7.48158330e-01
-7.50505828e-01
-6.62095148e-01
-1.76435826e-01
-7.57394232e-01
-6.98372846e-01
-4.49333142e-01
-4.93945913e-01
-3.54414641e-02
-3.00892182e-01
7.63700005e-02
2.82442554e-01
3.22328017e-01
4.84873958e-01
8.82523693e-01
4.00866010e-04
4.67636780e-01
1.56379695e+00
9.22572391e-01
1.66976169e+00
