-2.90907979e+00
-2.83056561e+00
-2.97638968e+00
-2.93809762e+00
-2.97279849e+00
-3.05683782e+00
-3.02562512e+00
-3.00007069e+00
-2.97898404e+00
-2.93759909e+00
-2.91003885e+00
-2.89056545e+00
-2.85988534e+00
-2.91720870e+00
-2.77837071e+00
-2.83377939e+00
-2.51941682e+00
-2.57818434e+00
-2.45992730e+00
-2.40083772e+00
-2.13623186e+00
-2.09763662e+00
-1.67457456e+00
-1.43410588e+00
-1.27908078e+00
-1.18442639e+00
-7.43141499e-01
-5.31450701e-01
-1.90796739e-01
7.40514513e-02
4.65088943e-01
6.65225074e-01
1.25346673e+00
1.32382052e+00
1.88125686e+00
2.14563657e+00
2.33388921e+00
2.16456673e+00
2.42517390e+00
2.75397617e+00
2.74911037e+00
2.65311111e+00
2.76403877e+00
2.84812488e+00
2.64173512e+00
2.60318576e+00
2.50144834e+00
2.19954354e+00
2.15316234e+00
1.61181833e+00
1.59387017e+00
1.15770965e+00
1.16377590e+00
1.07037853e+00
5.70095896e-01
3.82513206e-01
3.87077680e-01
1.93901761e-01
6.00420215e-02
2.53919073e-01
-3.20156602e-01
-1.90207992e-01
-4.43236535e-01
-5.87186670e-01
-1.12208073e+00
-7.80761464e-01
-1.16541189e+00
-8.53363216e-01
-9.16129151e-01
-1.07203800e+00
-1.18377307e+00
-1.36810552e+00
-9.73713515e-01
-1.39235076e+00
-1.02172510e+00
-1.27912325e+00
-8.71983675e-01
-8.71112113e-01
-1.11947843e+00
-8.78508188e-01
-1.00160508e+00
-9.72862284e-01
-7.20102877e-01
-9.22246690e-01
-3.67594824e-01
-6.78800169e-01
-4.65779854e-01
-5.91222472e-01
-6.61649953e-02
-3.17385634e-01
1.26853773e-01
-1.11464403e-01
2.07623912e-01
-9.53713944e-02
4.16850112e-01
2.35167434e-01
-3.13741791e-01
7.60700574e-01
5.70558131e-01
9.81465500e-01
