-2.14845103e+00
-2.38444483e+00
-2.17472635e+00
-2.22986329e+00
-2.43089315e+00
-2.17855641e+00
-2.33403005e+00
-2.18725858e+00
-2.21271197e+00
-2.18589380e+00
-2.14086269e+00
-2.11567191e+00
-2.11494863e+00
-2.24549954e+00
-2.07877623e+00
-2.06798264e+00
-1.97008128e+00
-1.97490358e+00
-2.12111968e+00
-1.75769669e+00
-1.81994947e+00
-1.69106813e+00
-1.37870990e+00
-1.33775093e+00
-1.47978265e+00
-1.23736582e+00
-1.22153409e+00
-1.01510134e+00
-8.98635250e-01
-7.50023266e-01
-7.29634944e-01
-1.57124065e-01
-8.91242117e-02
1.53322106e-01
4.94412095e-01
7.51029945e-01
7.64150742e-01
9.92030558e-01
1.28268406e+00
1.39603762e+00
1.87577707e+00
1.92631756e+00
1.95851844e+00
1.77004817e+00
2.05797892e+00
2.01267933e+00
2.09104977e+00
1.94515413e+00
2.32856047e+00
1.63054387e+00
1.72641881e+00
1.56919547e+00
1.61192780e+00
1.20488336e+00
1.25318768e+00
8.28874952e-01
8.08327707e-01
8.24310918e-01
7.80834100e-01
3.53938204e-01
1.75309930e-01
1.79383213e-01
1.70250939e-01
-1.39575893e-02
-3.74459519e-01
-3.65065094e-01
-5.63136156e-01
-7.03680792e-01
-4.99135831e-01
-4.46359174e-01
-8.15846428e-01
-8.85266475e-01
-8.67468486e-01
-9.05505212e-01
-1.24064537e+00
-1.23809670e+00
-6.12413835e-01
-1.15714165e+00
-1.14826722e+00
-1.05911195e+00
-1.16948902e+00
-9.14183440e-01
-7.35137152e-01
-1.05167757e+00
-6.52648615e-01
-9.04462098e-01
-5.02747439e-01
-6.38951113e-01
-3.87813605e-01
-4.80890737e-01
1.32541571e-01
-1.85510637e-02
5.73194201e-02
-1.60497936e-01
-1.89977043e-01
6.43885415e-01
6.12313675e-01
4.53199321e-01
8.48104837e-01
2.12582726e+00
