-2.77317903e+00
-2.67736438e+00
-2.60027629e+00
-2.84385926e+00
-2.82309445e+00
-2.75862678e+00
-2.88085307e+00
-2.93969688e+00
-2.85730924e+00
-2.78327178e+00
-2.69028231e+00
-2.71009947e+00
-2.70844610e+00
-2.43913035e+00
-2.42445510e+00
-2.53385672e+00
-2.44276270e+00
-2.31616257e+00
-2.24198290e+00
-2.35330169e+00
-2.00676487e+00
-1.96779577e+00
-1.56659836e+00
-1.56219323e+00
-1.31181046e+00
-1.21158784e+00
-9.35965081e-01
-6.27968755e-01
-2.93633442e-01
-8.44343242e-02
3.16898643e-01
5.42367567e-01
6.72674688e-01
9.55128138e-01
1.18721009e+00
1.93412692e+00
1.83516007e+00
2.05290017e+00
2.36946511e+00
2.46095748e+00
2.58273078e+00
2.53858165e+00
2.68082504e+00
2.66311753e+00
2.30139364e+00
2.36701673e+00
2.21696854e+00
1.93126092e+00
1.68890708e+00
1.64215644e+00
1.49202742e+00
1.14289983e+00
1.32811425e+00
9.04989374e-01
7.83163623e-01
8.64548871e-01
5.05170255e-01
1.98234103e-01
2.88710499e-01
-4.82833109e-02
1.89410706e-02
-4.73200160e-01
-4.55988845e-01
-2.62688380e-01
-5.27833821e-01
-9.97182098e-01
-8.87448850e-01
-6.79357523e-01
-5.59589149e-01
-1.08591329e+00
-1.18767652e+00
-1.14258927e+00
-1.08190508e+00
-9.18054681e-01
-9.62438417e-01
-9.15166570e-01
-1.12584140e+00
-9.28471324e-01
-8.22699624e-01
-9.77430575e-01
-1.08829095e+00
-7.99876787e-01
-8.46806911e-01
-7.39119405e-01
-5.67592931e-01
-6.98572816e-01
-1.54062868e-01
-5.63776461e-01
-3.76495163e-01
-2.70251685e-01
1.52828550e-01
2.74630162e-02
6.39191103e-02
7.76511186e-02
5.40784055e-01
2.36558822e-01
8.42104193e-02
4.12530792e-01
4.88483419e-01
1.38169019e+00
