-2.80951174e+00
-2.77451626e+00
-2.86864738e+00
-2.89190505e+00
-2.72118989e+00
-2.86929536e+00
-2.97372022e+00
-2.96041181e+00
-2.87736189e+00
-2.93717418e+00
-2.88752456e+00
-2.90279059e+00
-2.87418212e+00
-2.67868886e+00
-2.79524800e+00
-2.67811441e+00
-2.62420308e+00
-2.48550550e+00
-2.23349646e+00
-2.05656760e+00
-2.17738668e+00
-1.84271868e+00
-1.72335324e+00
-1.49125630e+00
-1.39858975e+00
-1.30284665e+00
-6.94234775e-01
-5.01094042e-01
-7.56440763e-02
2.85869399e-01
5.50157493e-01
8.44895367e-01
1.10337968e+00
1.43217815e+00
1.74883671e+00
2.03492665e+00
1.95792435e+00
2.35457372e+00
2.35476293e+00
3.10831122e+00
2.63381789e+00
2.82625891e+00
2.84502327e+00
2.76110532e+00
2.49870710e+00
2.37134996e+00
2.25736709e+00
2.17677654e+00
2.05204805e+00
1.70176507e+00
1.59734984e+00
1.48615078e+00
1.22528145e+00
1.15013196e+00
8.28711816e-01
7.33133617e-01
4.76415250e-01
1.38829739e-01
1.58324342e-01
9.97077968e-02
-1.47605588e-01
-6.26816788e-01
-2.77133872e-01
-6.63972936e-01
-6.31538727e-01
-8.03831045e-01
-9.48307988e-01
-9.09237497e-01
-9.91852188e-01
-1.30213210e+00
-1.13793836e+00
-9.33375330e-01
-7.91162678e-01
-1.11229404e+00
-1.06388902e+00
-1.13836817e+00
-1.19492001e+00
-1.27630267e+00
-1.23911212e+00
-8.64830317e-01
-6.11344801e-01
-7.54168989e-01
-8.48538433e-01
-9.49875530e-01
-4.95215274e-01
-7.23847369e-01
-1.31136856e-01
-3.20606423e-01
-1.46159664e-01
-3.24856736e-01
-8.74799227e-02
9.00163999e-02
3.08277475e-01
6.36194239e-02
-3.16220264e-02
-5.30549029e-02
1.68856062e-01
9.20320434e-01
5.06203111e-01
4.07268628e-01
