-2.63810390e+00
-2.71121148e+00
-2.70734402e+00
-2.71570207e+00
-2.76544382e+00
-2.80392932e+00
-2.87255679e+00
-2.94945207e+00
-2.78769625e+00
-2.77172390e+00
-2.77601301e+00
-2.72253203e+00
-2.70428633e+00
-2.59748335e+00
-2.48383388e+00
-2.48936381e+00
-2.45402408e+00
-2.34791832e+00
-2.20395777e+00
-2.25866242e+00
-1.94340437e+00
-1.89439302e+00
-1.76264247e+00
-1.44177361e+00
-1.43155537e+00
-1.01641810e+00
-9.02113373e-01
-7.66470285e-01
-3.29690682e-01
-2.78486238e-02
2.44829456e-01
5.48638526e-01
1.00552876e+00
1.11819624e+00
1.43206005e+00
1.68146216e+00
1.81309954e+00
2.03600011e+00
2.17715982e+00
2.25873445e+00
2.14988647e+00
2.45821581e+00
2.53559749e+00
2.29006673e+00
2.06030523e+00
2.37302113e+00
2.27447320e+00
2.03032928e+00
1.67093502e+00
1.75441123e+00
1.42772368e+00
1.01598413e+00
1.05261183e+00
1.12044037e+00
7.42091915e-01
3.33701441e-01
3.18923242e-01
2.79269684e-01
-8.93330789e-02
2.06962675e-01
-1.17428470e-01
-3.64659185e-01
-8.36085904e-02
-4.77747784e-01
-5.87271056e-01
-5.69749718e-01
-9.94957645e-01
-8.48518321e-01
-9.28971830e-01
-8.72672646e-01
-1.01002891e+00
-1.20510412e+00
-9.91885172e-01
-1.23867630e+00
-9.84771949e-01
-1.02080953e+00
-8.75479831e-01
-1.35658612e+00
-1.10103402e+00
-5.95573769e-01
-7.18878993e-01
-5.54596974e-01
-6.31190316e-01
-5.55538995e-01
-8.20478857e-01
-4.50660335e-01
-2.79968082e-01
-3.45777609e-01
5.35565173e-02
-3.89396134e-01
3.86593101e-01
-7.89429485e-02
2.12641039e-01
4.84491710e-01
-8.68689250e-02
7.25941676e-01
6.28651115e-01
7.64000610e-01
1.07531411e+00
8.78384633e-01
