-2.56204809e+00
-2.49222415e+00
-2.42663257e+00
-2.70865064e+00
-2.51454727e+00
-2.67236197e+00
-2.47534670e+00
-2.58127827e+00
-2.53886360e+00
-2.58300939e+00
-2.72695568e+00
-2.45098471e+00
-2.59363441e+00
-2.39437312e+00
-2.57612038e+00
-2.20845781e+00
-2.25580532e+00
-2.12096215e+00
-2.03157146e+00
-1.98179450e+00
-1.87056645e+00
-1.74637839e+00
-1.43973769e+00
-1.26046263e+00
-1.26397395e+00
-1.03630559e+00
-5.02818409e-01
-4.94339785e-01
-9.43782324e-02
1.60274213e-01
2.43833055e-01
3.40256396e-01
6.33132841e-01
9.93329697e-01
1.50792642e+00
1.60468925e+00
1.86448229e+00
2.03557543e+00
2.10502404e+00
2.42059927e+00
2.33277869e+00
2.42368518e+00
2.43542888e+00
2.42875979e+00
2.24850045e+00
2.38679545e+00
1.89474602e+00
2.07166003e+00
2.16022255e+00
1.62959075e+00
1.49796899e+00
1.18583162e+00
1.36974857e+00
1.01347033e+00
8.19935217e-01
6.47383090e-01
6.17070048e-01
1.49717771e-01
3.54128989e-01
-2.48686754e-02
1.76304335e-01
-1.59473579e-01
-4.57594766e-02
-3.74691890e-01
-4.92913593e-01
-6.60094277e-01
-9.63611719e-01
-8.20245860e-01
-7.05727811e-01
-8.09622660e-01
-9.20707394e-01
-6.75665935e-01
-4.98772899e-01
-7.48587964e-01
-1.10253001e+00
-9.54273598e-01
-9.17333503e-01
-8.56836309e-01
-1.00043741e+00
-9.04231014e-01
-6.30207018e-01
-5.82723681e-01
-8.18398609e-01
-8.01226159e-01
-4.88533861e-01
-4.43727726e-01
-1.61775166e-01
-1.23837937e-01
-1.65969073e-01
1.46944130e-01
1.31998934e-01
1.56972107e-01
3.44925758e-01
2.27953164e-01
5.58974436e-01
1.00246149e+00
6.81831927e-01
2.04519024e-01
2.81322443e-01
4.73052672e-01
