-2.82657189e+00
-2.72830498e+00
-2.71051375e+00
-2.70892238e+00
-2.68568685e+00
-2.86475134e+00
-2.69490596e+00
-2.74213336e+00
-2.64689407e+00
-2.61499249e+00
-2.58962406e+00
-2.65087885e+00
-2.64231874e+00
-2.61682038e+00
-2.54286818e+00
-2.41589339e+00
-2.55438406e+00
-2.22814382e+00
-2.43407716e+00
-2.05528409e+00
-1.87086454e+00
-1.97777054e+00
-1.67226150e+00
-1.54307340e+00
-1.46722912e+00
-1.20009552e+00
-8.75061770e-01
-4.98550222e-01
-3.46834410e-01
-3.60334093e-01
2.40741364e-01
4.99288629e-01
7.14612414e-01
1.19728957e+00
1.37017361e+00
1.59097880e+00
1.88402501e+00
1.55048962e+00
2.19243030e+00
2.32312113e+00
2.22978947e+00
2.42111091e+00
2.56201181e+00
2.56302973e+00
2.39031787e+00
2.18064898e+00
2.00906844e+00
1.63457008e+00
1.90587520e+00
1.70119251e+00
1.25640082e+00
1.43947573e+00
1.14898955e+00
9.28968344e-01
5.26081954e-01
7.97109680e-01
4.67118369e-01
3.62443993e-01
-1.64509206e-02
-1.17312328e-01
-2.02747095e-01
-5.71054574e-01
-5.51789940e-02
-6.65622038e-01
-7.23109289e-01
-9.31007078e-01
-7.79854084e-01
-9.43167225e-01
-9.57289863e-01
-8.65154302e-01
-1.21692821e+00
-9.32112935e-01
-7.85842357e-01
-5.98056872e-01
-9.65288168e-01
-8.84249256e-01
-7.76207870e-01
-1.03600916e+00
-8.77452293e-01
-8.09084536e-01
-9.87725821e-01
-7.06251441e-01
-6.27098322e-01
-1.06162631e+00
-6.58439543e-01
-5.46673722e-01
-1.78565194e-01
-6.13049027e-01
3.53430355e-02
-1.18823060e-01
-1.51822496e-01
-1.27837855e-01
-1.19886390e-01
-1.25576161e-01
4.57477529e-01
1.07134930e+00
8.25961521e-01
4.47819777e-01
8.38336731e-01
9.20316308e-01
