-2.77659814e+00
-2.83285697e+00
-2.91514887e+00
-2.81953077e+00
-2.86951309e+00
-2.91072832e+00
-2.96697207e+00
-2.84838969e+00
-2.84820626e+00
-2.98479749e+00
-2.85583583e+00
-2.73227550e+00
-2.85150803e+00
-2.81466276e+00
-2.83011107e+00
-2.74547338e+00
-2.57886855e+00
-2.50141646e+00
-2.28053900e+00
-2.36463983e+00
-2.24111781e+00
-2.11865427e+00
-1.72324884e+00
-1.57219844e+00
-1.29365404e+00
-1.06615614e+00
-8.94049590e-01
-4.45862298e-01
-3.40114992e-01
-1.39121405e-01
4.87132011e-01
7.72205664e-01
7.27495817e-01
1.08242678e+00
1.76191552e+00
1.74296762e+00
1.99451153e+00
2.16701212e+00
2.70716202e+00
2.43733269e+00
2.74980063e+00
2.69477227e+00
2.84703418e+00
2.78785911e+00
2.39828269e+00
2.47162197e+00
2.16564749e+00
2.08361058e+00
1.84241922e+00
1.80222960e+00
1.21065529e+00
1.40829348e+00
1.40291174e+00
1.03483931e+00
6.34991558e-01
5.51543249e-01
3.34672450e-01
4.46178892e-01
-1.36452902e-01
8.79323028e-03
-2.02589333e-01
-2.55870002e-01
-5.66908074e-01
-5.74015201e-01
-9.43163009e-01
-7.82454591e-01
-8.94581035e-01
-1.02671741e+00
-8.08428987e-01
-6.41802744e-01
-1.08216120e+00
-1.13939385e+00
-1.23448554e+00
-1.19548894e+00
-1.13495024e+00
-1.18813133e+00
-1.09084208e+00
-1.45171160e+00
-9.64597207e-01
-8.90089917e-01
-1.01853551e+00
-1.26267311e+00
-8.59150935e-01
-1.11219168e+00
-4.67591205e-01
-7.55883393e-01
-3.48583222e-01
-4.01800889e-01
-1.05567887e-01
3.39202216e-01
1.36520176e-02
-2.36643541e-02
8.54558352e-01
4.00365670e-01
-8.06907283e-02
5.39403314e-01
8.33759222e-01
8.45523202e-01
2.17360204e-01
1.32837111e+00
