-2.82499916e+00
-2.88089275e+00
-2.80056132e+00
-3.00360157e+00
-3.06386721e+00
-2.91382284e+00
-3.16182473e+00
-2.98323628e+00
-2.86980235e+00
-2.89716022e+00
-2.81996480e+00
-2.91807168e+00
-3.06857211e+00
-2.83273962e+00
-2.93227912e+00
-2.75753672e+00
-2.54756863e+00
-2.65867772e+00
-2.61867507e+00
-2.27140281e+00
-2.25336103e+00
-2.18261604e+00
-1.88674500e+00
-1.75871974e+00
-1.26314254e+00
-9.66096558e-01
-8.78222128e-01
-8.53001301e-01
-2.10437980e-01
-2.49560211e-02
4.45821606e-01
6.38250043e-01
1.20632682e+00
1.04360878e+00
1.66182703e+00
1.78342305e+00
1.98586868e+00
2.05421410e+00
2.59695060e+00
2.35623599e+00
2.60697836e+00
2.60730753e+00
2.61794664e+00
3.27644973e+00
2.53557990e+00
2.80451050e+00
2.58557198e+00
2.28202164e+00
1.96868607e+00
1.75066364e+00
1.53277642e+00
1.46621379e+00
1.12712285e+00
1.11508849e+00
1.02054700e+00
8.10452199e-01
7.44262228e-01
6.04829101e-01
1.76190103e-01
1.62048365e-01
-7.44471817e-02
-3.83232088e-01
-2.56760558e-01
-7.13919783e-01
-6.68200308e-01
-7.13509898e-01
-1.08289770e+00
-1.06435861e+00
-5.93254110e-01
-8.88278352e-01
-1.32442286e+00
-9.66099698e-01
-1.17165820e+00
-1.02126265e+00
-1.18804666e+00
-1.12737145e+00
-1.32199886e+00
-1.55985698e+00
-9.96051208e-01
-8.94226793e-01
-1.18218807e+00
-6.46440343e-01
-8.98442937e-01
-6.35822218e-01
-4.32478438e-01
-4.24069185e-01
-2.30564880e-01
-5.02470594e-01
-9.63146422e-02
-1.79273957e-01
-1.40625340e-01
4.65806555e-01
3.45871519e-01
8.68050107e-03
-1.15259560e-01
1.18512135e+00
7.75458839e-01
4.37929406e-01
9.05912775e-01
5.18656059e-01
