-2.60733378e+00
-2.74836696e+00
-2.65248659e+00
-2.66948407e+00
-2.63477285e+00
-2.51193180e+00
-2.57750846e+00
-2.78498858e+00
-2.51423827e+00
-2.60275583e+00
-2.44218407e+00
-2.36572895e+00
-2.52681714e+00
-2.57950813e+00
-2.53152519e+00
-2.26197909e+00
-2.24052539e+00
-1.94718681e+00
-2.14169579e+00
-1.93169363e+00
-1.81173706e+00
-1.71119942e+00
-1.44165584e+00
-1.30255523e+00
-1.11973235e+00
-7.92218068e-01
-4.15287916e-01
-4.45194464e-01
-3.27528679e-01
-2.99896791e-02
1.18417686e-01
6.78972646e-01
8.90416311e-01
1.32655776e+00
1.43147610e+00
1.86623830e+00
1.71485611e+00
1.96869728e+00
2.14575020e+00
2.18672632e+00
2.39705903e+00
2.33403712e+00
2.62461691e+00
2.39351077e+00
2.08639035e+00
2.11570444e+00
2.08659504e+00
2.16940890e+00
2.05134048e+00
1.93458892e+00
1.35258975e+00
1.42635325e+00
1.04945121e+00
1.03106155e+00
6.22360240e-01
6.22021952e-01
4.83559706e-01
2.10153815e-01
2.29610183e-01
1.52278393e-01
-1.37635406e-01
-1.93933824e-01
-2.06152950e-01
-2.86747350e-01
-5.30805905e-01
-3.31246427e-01
-6.53299884e-01
-2.97354303e-01
-8.44367825e-01
-9.41143985e-01
-8.06734598e-01
-1.10353003e+00
-9.41200646e-01
-6.94889906e-01
-1.01269400e+00
-1.00873979e+00
-6.87193614e-01
-8.31670124e-01
-8.53669690e-01
-1.04778249e+00
-7.94418156e-01
-6.79594454e-01
-6.49898653e-01
-7.76253388e-01
-5.15847235e-01
-6.29655992e-01
-3.65655535e-01
-6.52459556e-01
-1.14843054e-01
1.01952175e-01
2.41131338e-01
-1.68450106e-01
2.37658455e-01
3.42808256e-01
7.54625440e-01
8.25865136e-01
5.57934431e-01
6.08592259e-02
6.46599948e-01
1.85215540e+00
