-2.90228984e+00
-2.98565282e+00
-3.09916828e+00
-3.00433798e+00
-3.02615662e+00
-3.09302812e+00
-3.07008475e+00
-3.02381040e+00
-3.03009308e+00
-3.05672371e+00
-3.12441585e+00
-3.02147868e+00
-2.79997349e+00
-2.94721290e+00
-2.94753722e+00
-2.82134107e+00
-2.62787368e+00
-2.41518957e+00
-2.46844852e+00
-2.30942180e+00
-2.03979921e+00
-2.22764841e+00
-1.78761178e+00
-1.59665539e+00
-1.18269951e+00
-1.09997221e+00
-8.56351233e-01
-4.72803529e-01
-3.42562967e-01
8.26548856e-02
1.56102781e-01
6.45040199e-01
8.66017864e-01
1.37215460e+00
1.53679024e+00
1.86471945e+00
2.05871991e+00
2.25619374e+00
2.68308291e+00
2.63111465e+00
3.03118590e+00
2.61082098e+00
2.76095959e+00
2.81511531e+00
2.69700326e+00
2.40376230e+00
2.44678824e+00
2.07398446e+00
2.24051821e+00
1.79309512e+00
1.55333550e+00
1.53570483e+00
1.32981814e+00
1.10450524e+00
4.36808194e-01
5.38375213e-01
4.86125409e-01
-8.01785100e-02
5.03507270e-02
1.63007068e-02
-3.43379383e-01
-5.73302122e-01
-3.47338766e-01
-2.33175408e-01
-5.62008723e-01
-7.93425445e-01
-1.11619877e+00
-1.05318405e+00
-8.55802500e-01
-1.06612389e+00
-9.71741155e-01
-1.44515652e+00
-1.15084746e+00
-1.20157030e+00
-1.13359632e+00
-1.23132964e+00
-9.87706049e-01
-1.19624821e+00
-1.40261350e+00
-1.26271150e+00
-1.13614157e+00
-5.93394123e-01
-1.09106640e+00
-7.82030261e-01
-6.49060683e-01
-5.56421735e-01
-2.08076623e-01
-2.56536397e-01
-3.42635599e-01
-3.13174689e-01
-4.65386294e-01
-6.17588114e-01
-2.41986143e-02
9.84404385e-02
-2.12850008e-02
3.94732056e-01
-1.99547520e-01
2.07887557e-01
9.88092181e-01
-4.67512892e-01
