1.83323560e-01
-1.30001791e-01
-8.39949438e-02
1.74753918e-01
-1.06802370e-02
1.14098814e-01
2.10657622e-01
-2.72357616e-02
1.01147821e-01
-3.76774667e-02
-7.96174041e-02
2.30288153e-03
1.14071256e-01
7.04763598e-02
1.41779746e-02
8.11850810e-02
3.53620714e-02
2.02877435e-01
7.39764301e-02
-1.90002583e-01
-7.23246958e-02
5.81975310e-02
4.66576850e-02
1.48801156e-01
-1.83065549e-01
1.08314504e-01
2.19597727e-02
-6.10458882e-02
7.91056393e-03
-5.09393109e-02
2.36452063e-02
9.52733176e-02
-1.18584850e-01
2.41962332e-02
3.00149752e-02
-1.68425555e-01
2.41317517e-01
3.61381300e-02
2.19813512e-01
1.04386264e-01
2.04252647e-01
-4.45191948e-01
2.02601663e-01
-1.14976330e-01
-3.76156531e-02
3.06132099e-01
-2.72034704e-02
-4.53291871e-02
1.28758895e-01
-5.65954304e-02
-6.61985701e-02
2.38433155e-01
-8.06825971e-02
-1.08899186e-01
2.16422478e-01
1.58146091e-01
-1.53730964e-03
-1.00867225e-01
-2.13412341e-01
7.13822136e-02
1.26428365e-01
-4.61367368e-02
-9.52723506e-03
2.70397972e-01
-1.89108830e-01
-1.15803796e-01
1.20422995e-01
-8.09948532e-03
-1.20097766e-01
-1.61289705e-01
-1.13333056e-02
1.67371672e-01
-4.37309551e-01
6.30569584e-03
-2.30006338e-02
-1.17177313e-02
-5.82276415e-02
-2.88893206e-01
-3.58214679e-01
1.53603916e-01
6.72450021e-02
3.08473754e-01
-1.07047609e-01
1.58832696e-01
-2.41428265e-01
-1.25132770e-02
2.14994793e-01
-1.43052851e-01
-3.96902787e-01
-1.33599227e-02
-1.83091143e-01
7.55549353e-01
-1.53273813e-01
4.49574818e-01
9.35832008e-02
8.94644457e-02
-5.60627218e-01
1.22825701e-01
1.28610226e-01
3.65652132e-02
