-2.61696541e+00
-2.80137673e+00
-2.66306911e+00
-2.60099060e+00
-2.58059289e+00
-2.66698495e+00
-2.72758789e+00
-2.59345726e+00
-2.47700195e+00
-2.66639772e+00
-2.41596109e+00
-2.52707257e+00
-2.41659539e+00
-2.44285439e+00
-2.46273550e+00
-2.22578209e+00
-2.27799890e+00
-2.14844276e+00
-2.00677380e+00
-1.92503772e+00
-1.68895349e+00
-1.86916663e+00
-1.37566059e+00
-1.55664178e+00
-1.22635369e+00
-1.08218146e+00
-9.92989894e-01
-6.25901721e-01
-3.45170966e-01
-2.86995621e-01
-4.12073166e-02
5.81069059e-01
4.80582566e-01
9.26299841e-01
1.05483543e+00
1.54136360e+00
1.64422230e+00
1.84361215e+00
1.77837458e+00
1.90888042e+00
1.94130678e+00
2.31629389e+00
2.28027546e+00
2.48433579e+00
2.00429758e+00
1.93599742e+00
1.64177737e+00
1.53171555e+00
1.69322787e+00
1.52591421e+00
1.20700591e+00
1.53722007e+00
1.36523399e+00
7.53411387e-01
9.42840838e-01
6.41182499e-01
2.45836531e-01
4.17548921e-01
2.51714146e-01
-2.95662677e-02
1.96860473e-01
-1.77617430e-01
-2.16789335e-01
-3.48770617e-01
-4.13912637e-01
-6.84399156e-01
-6.19427407e-01
-1.99709020e-01
-5.72975776e-01
-7.04126693e-01
-6.53377759e-01
-8.61733943e-01
-1.09889982e+00
-8.79018124e-01
-9.39270804e-01
-1.14032853e+00
-1.06735888e+00
-1.04864199e+00
-9.20985432e-01
-4.35931517e-01
-7.23552271e-01
-9.39816810e-01
-1.01761701e+00
-3.99646804e-01
-2.48527637e-01
-1.61580595e-02
-4.06308741e-01
-7.74681668e-01
-7.62115303e-03
2.98694896e-01
4.64335445e-01
2.97137214e-01
6.40327892e-01
-1.37863358e-01
8.53080276e-01
3.59498798e-01
8.34499848e-01
2.40355178e+00
4.00335042e-01
1.39109730e+00
