-3.52920437e-01
2.62983295e-02
9.09433135e-02
-1.81484988e-01
-3.02116023e-03
1.30149987e-01
8.72688844e-02
-1.65845883e-01
1.05900364e-01
-1.42043708e-01
-1.85050371e-01
6.53224014e-03
-1.60934929e-01
-4.58325898e-02
-3.27460945e-01
-1.47705180e-01
1.88158775e-01
1.65711745e-01
-5.51551889e-02
9.01230199e-02
-4.05824068e-02
-5.09738518e-02
1.39676310e-01
1.28915268e-01
-1.30464627e-01
6.73136317e-02
-1.40838491e-01
-8.38281728e-02
-4.49076299e-01
-2.46810457e-01
1.07009440e-01
-7.14630876e-02
9.75481590e-02
3.42752196e-01
-7.67018488e-02
2.12285305e-01
-2.91790302e-01
-8.83875353e-02
-1.15878153e-01
-4.08130881e-02
5.81647659e-01
1.21974436e-01
-2.18511762e-01
-5.18819656e-01
2.77469112e-01
-1.41085164e-01
-3.90999785e-02
3.15830949e-01
4.80614994e-02
-1.60880990e-01
1.04859789e-01
-1.85799272e-01
-1.41282483e-01
-1.66291330e-01
-1.92217274e-01
1.98865165e-01
-2.64719692e-02
3.13070118e-01
5.09602951e-02
-1.74114221e-01
-6.27924705e-01
7.00719195e-02
-1.11124358e-01
1.11268468e-01
2.53375448e-01
2.80380089e-01
5.94390090e-01
3.30446293e-02
4.82156372e-02
-1.31412620e-01
1.63887017e-01
1.98885577e-01
-2.78023849e-01
4.41665184e-02
-1.81409165e-02
1.65780987e-01
2.26134604e-01
1.92931521e-01
-2.60324012e-01
2.88489153e-01
-2.92830301e-02
-4.51996857e-01
-3.18773645e-01
4.34082766e-01
3.37227190e-02
2.63424032e-01
2.30468535e-01
-1.73325262e-01
1.68553933e-02
1.55046000e-01
-6.75401529e-02
2.82318309e-01
-1.01323403e-02
-5.87886239e-01
-1.07086453e+00
8.75992747e-03
-2.97501420e-01
-7.01361259e-01
5.42085929e-01
-1.22198950e+00
