-2.40389079e+00
-2.62590263e+00
-2.59644813e+00
-2.65162824e+00
-2.59421339e+00
-2.66714406e+00
-2.54974841e+00
-2.61953365e+00
-2.79940653e+00
-2.55850041e+00
-2.54642809e+00
-2.62417515e+00
-2.58828668e+00
-2.57626996e+00
-2.49986813e+00
-2.32292493e+00
-2.16909698e+00
-2.44649163e+00
-2.10175968e+00
-2.11238788e+00
-1.80771253e+00
-1.87351795e+00
-1.54583090e+00
-1.29673085e+00
-1.23952588e+00
-7.81911396e-01
-8.38801384e-01
-5.91731037e-01
-5.38270125e-01
-1.71276280e-01
2.27507347e-02
6.56753542e-01
6.43027455e-01
1.31934785e+00
1.07460942e+00
1.61159803e+00
1.50960233e+00
1.84340537e+00
2.00335083e+00
2.31645032e+00
2.17450163e+00
2.55190280e+00
2.33264741e+00
2.54305540e+00
2.47545869e+00
2.24037176e+00
1.83812025e+00
1.85205842e+00
1.86294607e+00
1.95296656e+00
1.18756005e+00
1.68298569e+00
1.27225768e+00
7.55655965e-01
5.85729410e-01
6.78757679e-01
6.11266920e-01
3.87575419e-01
3.14186420e-01
4.57480367e-03
1.30628493e-01
-3.34023708e-01
-1.62726773e-01
-2.22004105e-01
-4.18452439e-01
-4.63209973e-01
-8.32973411e-01
-6.46119847e-01
-9.68951906e-01
-6.24909926e-01
-9.73626655e-01
-8.82768663e-01
-6.58354963e-01
-6.31865219e-01
-8.12520150e-01
-1.20840296e+00
-8.64428341e-01
-1.00083060e+00
-9.95844678e-01
-8.44750942e-01
-1.20095629e+00
-5.83238649e-01
-6.65010387e-01
-6.34148556e-01
-3.10948241e-01
-3.12372147e-01
-2.05263337e-01
-3.81426276e-01
5.22198630e-01
-1.88637335e-02
5.66688303e-02
-4.24732678e-04
1.71241768e-01
7.32511435e-01
6.77433979e-01
7.56819472e-01
7.64129433e-01
8.47878975e-01
-1.27338254e-01
7.73275272e-02
