1.11824189e-01
1.27901311e-01
-1.85951069e-01
1.36693762e-02
-4.42240410e-02
-3.88399575e-02
5.24355403e-02
-3.16026429e-02
-2.95075757e-02
1.73414439e-02
1.37877195e-02
-9.45323852e-02
-1.17514503e-01
1.86079132e-02
-5.62871309e-02
1.05288691e-01
4.84372434e-02
-4.52020392e-02
-1.04645490e-01
-8.19520950e-02
-2.36131005e-01
-6.00283632e-02
1.74317054e-02
-1.44327296e-01
-2.21110251e-01
-2.61795943e-01
1.03390450e-02
-7.37237114e-02
-1.05381153e-01
-5.24867368e-03
1.85966078e-02
8.97229182e-02
-2.90716134e-01
-9.15393213e-02
-9.47598759e-02
-3.01475314e-01
-1.45082200e-02
-3.97842474e-01
7.31581776e-02
-2.16442619e-02
1.29963317e-01
9.16061442e-03
2.27488083e-01
5.61502280e-02
-1.74087941e-01
1.63981195e-02
6.96794765e-02
1.30454859e-01
1.33304392e-02
6.49685267e-02
-4.22902938e-01
2.06004016e-01
2.65292891e-01
-2.37544607e-01
1.65701120e-01
-1.38921841e-01
8.38917663e-02
-3.68015341e-01
-1.61231650e-01
8.50995660e-02
-4.99729263e-02
-2.53704046e-01
-2.16541719e-01
-3.21697023e-01
-2.97309395e-01
-2.20513304e-02
-3.81448877e-02
3.20171921e-01
1.85653081e-01
7.03073294e-02
5.47239338e-02
-6.48492045e-04
1.89712256e-01
6.49038451e-02
7.46159121e-02
-9.22118299e-02
-1.78248365e-01
3.16318431e-02
-7.80689367e-02
1.05552753e-01
5.69250527e-02
1.72202776e-02
1.22739572e-01
-3.60218292e-01
-6.39141029e-02
-3.96897184e-02
1.65711619e-01
-4.59661058e-01
-2.53331539e-01
-2.68132210e-01
2.72061447e-01
2.58417576e-01
6.41916364e-01
-1.90328891e-01
-2.55192691e-01
1.06115358e-01
1.49507557e-01
4.38882625e-01
5.12836244e-01
3.62281661e-01
