-2.94665324e+00
-2.94057225e+00
-2.97934430e+00
-2.90658391e+00
-2.98702824e+00
-2.95162956e+00
-2.99283822e+00
-3.01265016e+00
-2.86121640e+00
-2.95164494e+00
-2.83291298e+00
-3.08707400e+00
-3.17386068e+00
-2.92012464e+00
-2.79554589e+00
-2.82250440e+00
-2.57139939e+00
-2.60313039e+00
-2.47406391e+00
-2.28952287e+00
-2.00063456e+00
-2.02371841e+00
-1.90708810e+00
-1.71314785e+00
-1.36477509e+00
-1.09257120e+00
-8.90998907e-01
-6.41606924e-01
6.84163502e-03
5.31645805e-02
4.14629848e-01
9.57881045e-01
9.20096504e-01
1.24478017e+00
1.57854212e+00
1.95838030e+00
2.19159904e+00
2.52007754e+00
2.55090902e+00
2.51997325e+00
2.86764885e+00
2.55599182e+00
2.81933058e+00
2.91933523e+00
2.41736816e+00
2.51152958e+00
2.36795037e+00
2.25427780e+00
1.99717004e+00
2.05569331e+00
1.61119726e+00
1.64241697e+00
1.08820567e+00
5.37906468e-01
8.78859950e-01
4.99329517e-01
6.80644222e-01
4.48696413e-02
2.66204454e-01
6.43455490e-02
-3.24712248e-01
-6.66819661e-01
-1.98108394e-01
-6.77132625e-01
-6.81161412e-01
-6.34622860e-01
-1.26588982e+00
-1.16401975e+00
-1.15970975e+00
-1.18632780e+00
-1.19027182e+00
-1.05924520e+00
-1.03392504e+00
-1.04057925e+00
-1.15559063e+00
-1.22582228e+00
-1.31780169e+00
-7.51287764e-01
-1.24974990e+00
-1.32799565e+00
-9.32460429e-01
-7.25944414e-01
-8.68446426e-01
-8.83849243e-01
-5.25389001e-01
-6.75288163e-01
-2.16252228e-01
-4.47304671e-01
-3.91975937e-01
-2.58113529e-01
-1.81620344e-01
-5.05040153e-01
4.25769875e-01
-7.38257552e-02
3.84748664e-01
2.30956093e-01
5.32122062e-01
-2.60447515e-01
9.06688919e-01
6.89993156e-01
