-2.94577157e+00
-3.02719448e+00
-3.05445958e+00
-3.09447146e+00
-3.21848771e+00
-3.04432965e+00
-3.13090531e+00
-3.25920549e+00
-3.05251834e+00
-3.14430521e+00
-3.17055064e+00
-3.04500108e+00
-3.19198832e+00
-3.01271509e+00
-2.89329275e+00
-2.91865444e+00
-2.86057845e+00
-2.68606458e+00
-2.60611777e+00
-2.46547517e+00
-2.27717866e+00
-2.04364185e+00
-1.73726363e+00
-1.77359187e+00
-1.44708197e+00
-1.19786396e+00
-9.46910757e-01
-7.29778387e-01
-2.99830217e-01
-1.02182764e-01
2.09067600e-01
8.91002339e-01
1.00823251e+00
1.37458031e+00
1.75023931e+00
2.07977207e+00
2.17042897e+00
2.38192454e+00
2.39615234e+00
2.86610369e+00
2.86639869e+00
3.04936773e+00
2.87020769e+00
3.17786096e+00
2.62705491e+00
2.63700038e+00
2.63054038e+00
2.05724123e+00
2.44179347e+00
2.22643613e+00
1.65239974e+00
1.61197916e+00
1.23987038e+00
1.01125047e+00
6.84121762e-01
4.07235941e-01
3.02107368e-01
3.70793941e-01
3.59996904e-01
-2.45548313e-01
-2.99670463e-01
1.15518702e-01
-4.80967172e-01
-4.41736079e-01
-9.77457136e-01
-9.42377675e-01
-1.16995361e+00
-9.30537608e-01
-8.31977460e-01
-1.17523686e+00
-1.14996876e+00
-1.30468037e+00
-1.29261671e+00
-1.28965443e+00
-1.20951836e+00
-1.12453830e+00
-1.19282197e+00
-1.18959812e+00
-1.39227558e+00
-1.18729585e+00
-8.73202008e-01
-9.25056775e-01
-8.62083615e-01
-1.19119165e+00
-6.08464215e-01
-7.02804170e-01
-6.57915058e-01
-5.69223606e-01
1.06759708e-01
-3.35689526e-01
-1.26328916e-01
2.53043909e-01
-3.67541956e-01
4.09156300e-01
2.12598478e-01
-3.65053193e-01
5.99945299e-01
1.26914728e+00
-5.83448176e-01
3.45097053e-01
