-2.67201889e+00
-2.56605248e+00
-2.55196442e+00
-2.47166958e+00
-2.53139755e+00
-2.47827603e+00
-2.38665887e+00
-2.54201300e+00
-2.35226488e+00
-2.53524704e+00
-2.46931265e+00
-2.40928848e+00
-2.36968300e+00
-2.34019546e+00
-2.22596114e+00
-2.20143801e+00
-2.10787094e+00
-2.04790285e+00
-2.05187382e+00
-1.82687607e+00
-1.59724270e+00
-1.59784790e+00
-1.40572787e+00
-1.46092527e+00
-1.18298478e+00
-9.20577922e-01
-8.11461588e-01
-4.45908269e-01
-4.34219408e-01
-2.72287033e-01
1.28773697e-01
5.29836201e-01
4.20675129e-01
1.12158099e+00
1.03734603e+00
1.33503461e+00
1.69099541e+00
1.52585328e+00
1.74702566e+00
1.94502137e+00
2.13104438e+00
2.29959401e+00
2.01480089e+00
2.13430838e+00
1.82954945e+00
1.76849775e+00
1.93484549e+00
1.68892592e+00
1.85789655e+00
1.43889870e+00
1.25218427e+00
1.37486226e+00
9.52916047e-01
8.49148828e-01
9.08215276e-01
5.01739630e-01
5.58674155e-01
6.45984080e-01
1.75683361e-01
4.51632213e-02
-1.64199179e-01
-2.01844307e-01
-9.22004256e-02
-3.42460672e-01
-3.30345119e-01
-4.43553143e-01
-8.25596154e-01
-2.96436548e-01
-6.09633258e-01
-5.82490534e-01
-6.06996011e-01
-6.57711290e-01
-8.26538321e-01
-9.82963166e-01
-9.29742731e-01
-9.12679886e-01
-1.03561152e+00
-9.88884864e-01
-6.35624752e-01
-7.33500142e-01
-8.95630224e-01
-1.05250155e+00
-5.84059945e-01
-8.38415331e-01
-2.71238143e-01
-5.68814054e-01
-1.87873529e-01
-5.08308300e-01
3.03231375e-02
-3.42586628e-01
3.21322846e-01
3.81731198e-01
9.09943397e-02
6.06923705e-01
8.39584680e-01
5.02066501e-01
8.99795665e-01
7.05999665e-01
8.86369786e-01
2.23682394e+00
