-2.85317159e+00
-3.08443843e+00
-3.03644155e+00
-2.98298677e+00
-3.06850662e+00
-2.84462493e+00
-3.07338014e+00
-3.08280802e+00
-2.97851094e+00
-2.95597832e+00
-3.10601724e+00
-3.11522999e+00
-3.05309171e+00
-2.96342706e+00
-2.95286737e+00
-2.95547042e+00
-2.64674649e+00
-2.57244197e+00
-2.55134970e+00
-2.53275698e+00
-2.24136029e+00
-2.04528633e+00
-1.98832547e+00
-1.87829984e+00
-1.50483465e+00
-1.22295454e+00
-9.39029067e-01
-7.43127767e-01
-2.42678563e-01
-1.58927433e-01
2.76056353e-01
7.86033341e-01
7.90731001e-01
1.75204668e+00
1.71723546e+00
1.86241388e+00
2.18556213e+00
2.39098135e+00
2.82358035e+00
2.74781630e+00
2.72152413e+00
2.79379441e+00
3.13444283e+00
2.90373637e+00
2.55789022e+00
2.57973864e+00
2.34323655e+00
2.10339539e+00
2.23455252e+00
1.79779133e+00
1.78967889e+00
1.55416680e+00
1.23527463e+00
1.29933547e+00
8.23343256e-01
5.94137393e-01
4.49635976e-01
1.02584668e-01
1.99119129e-01
-1.01733386e-01
-4.26980136e-01
-4.22758821e-01
-4.97179628e-01
-7.10646158e-01
-6.03055259e-01
-5.74614101e-01
-1.25190491e+00
-1.00136299e+00
-1.00022662e+00
-8.03559086e-01
-1.06598716e+00
-8.92453626e-01
-1.38793375e+00
-1.02542515e+00
-1.01935630e+00
-1.14754833e+00
-9.51257318e-01
-1.01969011e+00
-1.32755729e+00
-1.22963159e+00
-1.13024103e+00
-9.52492574e-01
-9.35457025e-01
-1.10952681e+00
-5.10600008e-01
-4.80135084e-01
-5.93805762e-02
-6.80406254e-01
-2.26371921e-01
-2.22911516e-01
-9.93071397e-02
-7.99234287e-03
-5.47727762e-02
-2.92444412e-02
5.60982321e-01
3.13794567e-01
4.09245555e-01
8.29304997e-01
-3.30640712e-01
8.18541950e-01
