2.38255917e-01
1.66983779e-02
9.16593027e-02
1.84635270e-02
1.14389085e-01
2.66830149e-02
1.35218105e-02
1.67415245e-01
-9.39436312e-02
-1.05552783e-01
-1.38313810e-01
-6.49541941e-02
-4.44650614e-02
-2.42488333e-02
7.70386534e-02
1.37661137e-01
-3.66713464e-02
-4.32009786e-02
-1.80632787e-01
-2.52513054e-02
1.62889909e-01
-8.28531414e-02
1.17679761e-01
-4.73362228e-02
5.50465763e-02
-6.17469919e-02
2.17714800e-01
-4.51693742e-02
2.99503390e-01
3.18783707e-02
4.26914579e-02
9.88440785e-02
4.61129499e-02
1.34149555e-01
-6.08854123e-02
5.85368327e-02
4.81901081e-02
-2.17363118e-01
1.01367187e-03
-6.02928639e-02
-2.50366719e-01
-2.12803883e-02
-4.40629052e-01
1.52448313e-01
-1.11310224e-01
8.64736074e-02
2.35600863e-02
-1.59284378e-01
2.50045604e-01
-1.77658376e-02
3.90574937e-02
-1.88777568e-02
-7.59333392e-02
2.59764335e-01
2.77755161e-02
-4.85506162e-02
-5.94408014e-02
-4.64238653e-02
1.73080285e-01
2.64917667e-01
-1.42691532e-02
3.62816365e-01
2.63010613e-02
1.95801337e-01
2.05204700e-02
-2.48589676e-01
-1.45827754e-01
2.61075391e-01
1.34511061e-01
8.38217541e-02
-4.54887819e-02
-6.75353424e-02
7.82498640e-02
1.07870562e-01
-1.84736370e-01
2.49891310e-02
2.13207871e-01
-1.85729390e-01
9.81944623e-02
-1.06042255e-01
1.62529823e-01
-2.54743250e-01
-2.13428481e-01
6.69602465e-02
4.51278801e-02
-2.08691272e-01
1.50522583e-01
-3.72708631e-01
-8.64228904e-02
4.51655843e-02
3.31264829e-01
-5.46137607e-01
-1.44644097e-01
1.28748198e-01
-3.05139059e-01
5.16927115e-01
-9.93447478e-02
-5.15494082e-03
3.33154904e-01
5.85263801e-01
