-2.95113933e+00
-2.94164577e+00
-2.86949911e+00
-2.84900552e+00
-3.06696285e+00
-2.93724006e+00
-3.00114426e+00
-2.99484204e+00
-2.93198259e+00
-2.95854343e+00
-2.99890769e+00
-2.81642344e+00
-2.89059824e+00
-2.82791102e+00
-2.82354015e+00
-2.91966348e+00
-2.61527743e+00
-2.53282688e+00
-2.44113588e+00
-2.32504906e+00
-2.23158086e+00
-2.07286156e+00
-1.76302495e+00
-1.60907585e+00
-1.43743843e+00
-1.16675985e+00
-7.60410690e-01
-4.52033092e-01
-3.60408816e-01
-1.16233490e-02
4.06864988e-01
8.77108598e-01
1.12475847e+00
1.44285789e+00
1.63461152e+00
1.83352132e+00
2.30404144e+00
2.37524267e+00
2.55503003e+00
2.79791925e+00
2.54310891e+00
3.04537017e+00
2.52575110e+00
2.87123454e+00
2.48693396e+00
2.74484114e+00
2.14276260e+00
1.94943770e+00
2.05773288e+00
1.94472418e+00
1.48026935e+00
1.59133906e+00
1.13375877e+00
1.10546355e+00
7.94617634e-01
3.56991312e-01
4.18927201e-01
7.32859263e-02
-8.93864825e-02
-8.94196454e-02
-8.26546324e-02
-4.99095450e-01
-3.03079460e-01
-7.65716508e-01
-6.61367808e-01
-8.84698030e-01
-1.04250216e+00
-7.82263374e-01
-9.40932453e-01
-1.16869778e+00
-1.15521013e+00
-1.03452206e+00
-1.05113757e+00
-7.65486829e-01
-1.19440088e+00
-9.20235013e-01
-1.07751878e+00
-1.13477021e+00
-1.69600789e+00
-4.94406373e-01
-1.08903758e+00
-6.81497655e-01
-7.41225522e-01
-1.04247926e+00
-5.76564538e-01
-7.22857378e-01
-4.84088392e-02
-1.92933054e-01
-5.80493813e-01
-2.00436515e-01
1.07147090e-01
-2.30414645e-01
1.65487060e-01
4.85066950e-01
2.31488697e-01
4.69454661e-01
3.78509551e-01
4.04500197e-01
7.05913122e-01
1.42509945e-01
