-2.46198045e+00
-2.87656912e+00
-2.61211672e+00
-2.50764576e+00
-2.64775761e+00
-2.60084011e+00
-2.53413686e+00
-2.68437803e+00
-2.51007103e+00
-2.56660754e+00
-2.54375012e+00
-2.47875707e+00
-2.62120982e+00
-2.27985627e+00
-2.16254998e+00
-2.19096326e+00
-2.17839779e+00
-2.23486416e+00
-2.16364525e+00
-1.82854214e+00
-1.72838865e+00
-1.48199970e+00
-1.45307360e+00
-1.42327492e+00
-1.18859965e+00
-1.05982759e+00
-6.51072467e-01
-5.63094289e-01
-3.99906150e-01
-4.31454288e-02
-1.22758302e-01
4.87570659e-01
7.82808499e-01
1.04868639e+00
1.21763280e+00
1.32613501e+00
1.69583276e+00
1.44057217e+00
2.07377702e+00
2.19711112e+00
2.33305955e+00
2.16052561e+00
2.28510407e+00
2.41192714e+00
1.94000903e+00
2.07723787e+00
1.86112862e+00
1.84953088e+00
1.76494987e+00
1.28106822e+00
1.20121789e+00
1.22529235e+00
1.03473012e+00
9.62870293e-01
9.14155952e-01
5.32218553e-01
5.56037286e-01
5.03993981e-01
1.29566419e-02
-1.73818235e-01
-1.24738971e-01
-4.23154542e-01
2.76626654e-01
-1.63634027e-02
-4.93207205e-01
-4.25395188e-01
-6.64912077e-01
-1.86272382e-02
-1.06867013e+00
-9.28356121e-01
-1.01089487e+00
-8.59773340e-01
-6.76663489e-01
-8.51460804e-01
-1.10070735e+00
-1.22899382e+00
-6.99871731e-01
-9.04613539e-01
-9.12157783e-01
-6.86684410e-01
-8.40829388e-01
-5.79941892e-01
-7.15147733e-01
-7.01574541e-01
-2.21072060e-01
-1.39076533e-01
-2.93654814e-01
-2.62063868e-01
3.55416054e-01
1.22473844e-01
1.75833173e-01
5.61074646e-01
3.54895174e-01
3.97823892e-01
3.58029332e-01
8.84386334e-01
3.98647401e-01
9.65492401e-01
1.16064486e+00
6.85438083e-02
