-2.42751173e+00
-2.81827744e+00
-2.49138691e+00
-2.77729127e+00
-2.60078980e+00
-2.66629097e+00
-2.69862335e+00
-2.60108819e+00
-2.55448862e+00
-2.55107092e+00
-2.44345393e+00
-2.50901373e+00
-2.37356723e+00
-2.40336197e+00
-2.38058819e+00
-2.41330363e+00
-2.08002820e+00
-2.19548379e+00
-1.93484073e+00
-1.98814599e+00
-1.59393718e+00
-1.70720302e+00
-1.46348422e+00
-1.41055707e+00
-1.38014886e+00
-1.11222480e+00
-8.37790230e-01
-6.68477897e-01
-2.80434621e-01
-1.13105348e-01
2.79673553e-01
7.02637649e-01
5.79344760e-01
8.37708966e-01
1.35585414e+00
1.76130619e+00
1.90152634e+00
2.15076519e+00
2.10189008e+00
2.27625230e+00
2.66343615e+00
2.54729598e+00
2.42107690e+00
2.92407704e+00
2.11660239e+00
2.51246957e+00
2.32230627e+00
2.31156963e+00
2.22070617e+00
1.86552418e+00
1.52800622e+00
1.59849589e+00
1.32779975e+00
1.08910084e+00
1.01898447e+00
6.92287997e-01
8.10447029e-01
2.81314397e-01
3.16910621e-01
8.51422207e-02
-1.07665558e-01
-5.43743074e-02
-2.17481016e-01
-2.55939761e-01
-3.50260577e-01
-8.29740150e-01
-6.40855823e-01
-7.30810697e-01
-5.85058246e-01
-1.00527261e+00
-7.87171744e-01
-8.06104985e-01
-9.67540126e-01
-8.56018874e-01
-7.65596731e-01
-1.09280496e+00
-1.27594063e+00
-1.43541273e+00
-1.22806221e+00
-5.47277719e-01
-8.40504749e-01
-1.20695664e+00
-8.93924669e-01
-1.08715931e+00
-6.40964716e-01
-6.67134822e-01
-3.38454034e-01
-4.24156362e-01
2.12037446e-01
-2.59167471e-01
3.69258917e-02
1.02632643e-01
3.13087259e-01
3.62661532e-01
-5.36479338e-02
5.33675668e-01
3.42643141e-01
9.95737665e-01
5.18781662e-01
8.06627431e-01
