-7.32738868e-03
-9.44038904e-02
9.43601017e-02
-1.34072031e-02
-1.39583681e-02
-7.41057255e-02
9.55060252e-02
-7.73240819e-02
1.99903715e-01
8.90384605e-02
-1.08626139e-01
1.54765810e-01
-2.27891271e-02
-4.66848963e-02
1.54626452e-01
-2.88858564e-02
-1.39206428e-02
-1.08430173e-01
8.63667829e-02
-1.32038236e-02
1.15427124e-02
-1.74425535e-02
-2.15678351e-02
8.92463917e-02
7.76544630e-02
5.80824600e-02
1.30015423e-01
-6.28589186e-02
9.03457237e-02
-1.07228832e-01
3.16790748e-02
2.53137480e-02
2.42332773e-01
-1.67409726e-01
1.20735009e-01
1.87662159e-01
1.54048800e-01
6.10896400e-02
-1.27937974e-01
7.65369217e-02
5.44730994e-02
-3.18433552e-01
-9.54598849e-02
9.76833447e-02
1.18240344e-02
5.94719533e-03
-8.40185144e-02
8.37101215e-02
1.39236987e-01
-1.58520224e-01
1.09582376e-01
1.68442470e-01
2.81117939e-01
4.56748703e-02
-5.10471830e-02
-3.63401612e-02
-9.28719190e-02
2.08962268e-01
2.83218262e-02
-4.79922345e-02
-1.44466796e-01
3.65625087e-02
-1.04135969e-01
4.13169840e-02
-3.06612798e-01
2.73497672e-02
6.78683997e-02
1.86632758e-01
2.07675060e-02
1.06464060e-01
-2.30262224e-01
-7.64771656e-02
2.02982243e-02
-1.62492926e-01
3.08953491e-01
-2.96875608e-01
2.21567034e-01
1.20449348e-01
-3.14792039e-01
-2.40046691e-01
6.63294957e-02
-1.15427497e-01
-2.52874522e-01
-1.16812949e-01
-5.83543719e-02
1.83122860e-02
-1.82280688e-01
-3.14526940e-01
2.07036674e-01
-5.44680562e-02
-4.51087927e-02
-3.22616221e-01
1.09859669e-01
-6.32620486e-01
-1.44344993e-01
-7.88344656e-01
5.13423394e-01
1.61062852e-01
-4.56719400e-01
6.95114378e-01
