-2.74740530e+00
-2.88951258e+00
-2.80328551e+00
-2.89753997e+00
-3.00178512e+00
-2.90940270e+00
-2.92896790e+00
-2.99469978e+00
-3.07265623e+00
-2.83150939e+00
-2.86524351e+00
-2.95852208e+00
-2.72268174e+00
-2.83706469e+00
-2.69142570e+00
-2.73886170e+00
-2.30030931e+00
-2.68924413e+00
-2.36807713e+00
-2.32122653e+00
-2.12465421e+00
-1.92785351e+00
-1.66665090e+00
-1.67381750e+00
-1.32638518e+00
-1.11454908e+00
-1.04072388e+00
-6.88698637e-01
-4.97705796e-01
1.01097120e-01
4.04283962e-01
7.73150006e-01
1.00772490e+00
1.30415471e+00
1.56111171e+00
1.81593214e+00
2.20428141e+00
2.18528412e+00
2.39295522e+00
3.02594722e+00
2.30909291e+00
2.86190357e+00
2.42497412e+00
2.68794699e+00
2.57936617e+00
2.58860787e+00
2.10346741e+00
1.70411511e+00
1.98633095e+00
1.75237284e+00
1.43196654e+00
1.31596372e+00
1.17073541e+00
9.45171929e-01
8.79963675e-01
6.27407812e-01
2.44960282e-01
-1.96764826e-02
1.37011302e-01
3.17513711e-01
-2.61859880e-01
-4.94082979e-01
-3.47075406e-01
-5.19799074e-01
-5.62722064e-01
-6.66219312e-01
-9.41207372e-01
-1.07576199e+00
-9.57314953e-01
-1.09435629e+00
-1.24129268e+00
-9.98273446e-01
-1.24154381e+00
-1.10635073e+00
-1.09230178e+00
-1.36671935e+00
-1.00991520e+00
-1.55208429e+00
-1.41460873e+00
-9.31379141e-01
-1.37759766e+00
-8.24645416e-01
-1.19897527e+00
-9.66408911e-01
-6.30743289e-01
-9.18425041e-01
1.39524712e-01
-1.29106542e-01
-1.38662896e-01
-3.55984997e-01
-2.52086610e-01
-1.92862667e-01
-8.82615985e-02
4.06547528e-02
4.86126673e-01
6.53876064e-01
-4.66336183e-02
3.03815633e-01
-3.71589319e-01
-1.25174220e-01
