6.56575581e-02
2.08036229e-01
4.07819380e-02
3.60140240e-01
1.67759007e-01
1.77008338e-01
4.00046249e-02
1.40956206e-01
2.29246780e-01
3.41366007e-01
9.49465356e-02
2.10484052e-01
2.96403745e-01
5.22179147e-02
1.59932554e-01
2.39919023e-01
2.70797465e-01
2.30567775e-01
1.19164636e-01
9.41689894e-02
1.88657859e-01
1.59529321e-01
7.79678034e-02
1.02576174e-01
1.23546313e-01
4.05254248e-01
3.09947652e-01
5.34889631e-01
2.10049509e-01
7.60225722e-02
2.45949885e-01
1.37882927e-01
-9.32856450e-02
5.93527998e-02
-1.88650755e-02
1.94104759e-01
-1.85715241e-01
3.61961237e-01
-1.27552629e-01
2.50969735e-01
1.14075166e-01
5.86126685e-02
3.70709464e-01
-4.94527921e-02
-9.26277488e-02
1.73280019e-01
-1.36375936e-01
2.31340087e-01
1.51241790e-01
2.06676693e-01
5.61053574e-05
1.91914419e-02
4.95250734e-01
1.57978641e-01
1.77274077e-01
2.43662199e-01
2.67569469e-01
9.51788299e-02
2.77490660e-01
-1.23572220e-01
4.04527679e-01
-4.75801311e-02
1.48692805e-01
8.22376902e-02
1.54011987e-01
8.33962827e-02
-3.37775416e-01
2.68949958e-02
4.52684812e-03
6.53099197e-02
1.76281582e-01
3.50699853e-01
-5.34637333e-02
-1.25492408e-01
5.76730916e-01
2.97001086e-01
2.34412899e-01
4.82959412e-01
4.46112677e-01
1.08930871e-02
1.42324059e-01
1.27237262e-01
3.30081118e-03
3.29190248e-01
4.95894311e-01
-3.88184205e-01
-2.12133784e-01
4.62635239e-01
-1.14004963e-01
2.18166186e-01
3.06859251e-01
5.43975181e-02
-1.06615088e-01
-7.47416746e-02
3.80158809e-01
3.07034607e-01
-1.14668224e-02
-1.24323808e-02
-1.34026614e-01
1.40526608e-01
