-2.72501339e+00
-2.84849501e+00
-2.94550743e+00
-2.85663072e+00
-2.87778321e+00
-2.93658491e+00
-3.02605532e+00
-2.93891783e+00
-2.85093697e+00
-2.90125818e+00
-2.94829180e+00
-2.86911790e+00
-2.89624950e+00
-2.81338955e+00
-2.80236986e+00
-2.53705911e+00
-2.45381282e+00
-2.51542325e+00
-2.49416887e+00
-2.28036266e+00
-1.99444039e+00
-2.03122302e+00
-1.66171260e+00
-1.50591802e+00
-1.16674881e+00
-1.10288759e+00
-1.08732814e+00
-6.56752992e-01
-3.01907005e-01
1.12981923e-01
1.99976547e-01
4.48386343e-01
9.06778462e-01
1.17390544e+00
1.52100944e+00
1.70973059e+00
2.13721046e+00
2.13478930e+00
2.22169339e+00
2.52332583e+00
2.50435758e+00
2.70792127e+00
2.44026686e+00
2.92277709e+00
2.27534463e+00
2.42854467e+00
2.09261038e+00
2.14303192e+00
1.91678050e+00
1.81965403e+00
1.64012593e+00
1.00813314e+00
1.27616952e+00
1.01646309e+00
8.99693514e-01
4.15952338e-01
3.35497237e-01
8.45662708e-02
2.04037339e-01
-2.37692452e-01
2.73216490e-02
-3.99424398e-01
-4.13892871e-01
-5.38813538e-01
-5.58454743e-01
-6.32091241e-01
-1.27132268e+00
-9.31031601e-01
-1.04693831e+00
-1.02043903e+00
-1.03602453e+00
-1.34977091e+00
-8.88637208e-01
-8.25978975e-01
-1.09374930e+00
-1.35991201e+00
-1.22822004e+00
-1.55964858e+00
-1.12238812e+00
-6.86381600e-01
-1.09733066e+00
-1.03511945e+00
-1.17226682e+00
-1.04599650e+00
-5.41743576e-01
-6.62851343e-01
-4.38269083e-01
-2.97378009e-01
-3.79941080e-01
-4.61529651e-01
3.66647795e-01
2.02488802e-01
6.57953404e-03
4.21877807e-01
7.08313895e-01
-3.42722179e-03
1.40322532e+00
9.19297740e-01
3.71814591e-01
9.46061723e-01
