-2.74232880e+00
-2.75051283e+00
-2.58384804e+00
-2.74505156e+00
-2.68999996e+00
-2.67253556e+00
-2.64903319e+00
-2.80172590e+00
-2.55205813e+00
-2.69616373e+00
-2.63371038e+00
-2.70007066e+00
-2.68006965e+00
-2.38922104e+00
-2.53168695e+00
-2.51629408e+00
-2.31625100e+00
-2.24119610e+00
-2.21473255e+00
-2.19732701e+00
-2.05481433e+00
-1.97160989e+00
-1.69068186e+00
-1.49264005e+00
-1.33235725e+00
-1.06499775e+00
-8.63639076e-01
-6.09727304e-01
-5.34780643e-01
-1.66741108e-01
2.53339803e-01
6.48693290e-01
8.05082661e-01
1.14145595e+00
1.46536772e+00
1.47450984e+00
1.92572513e+00
1.56634893e+00
1.98801361e+00
2.28292173e+00
2.09391783e+00
2.55167040e+00
2.41440755e+00
2.48684250e+00
2.19110786e+00
2.08140342e+00
2.00638065e+00
1.81849065e+00
1.63165693e+00
1.42249152e+00
1.51611688e+00
1.44053403e+00
1.29793779e+00
9.09888811e-01
5.56875660e-01
5.41860788e-01
5.16395087e-01
8.02939156e-02
-1.56558007e-02
3.07900022e-01
-2.91479240e-01
-8.02277593e-01
-6.88225585e-01
-3.57419062e-01
-6.86057119e-01
-6.70601615e-01
-1.04920620e+00
-1.01386918e+00
-1.02967199e+00
-8.25287902e-01
-1.00290413e+00
-8.96753210e-01
-7.75746549e-01
-1.02359004e+00
-9.20704869e-01
-1.02522540e+00
-9.81395946e-01
-1.12395536e+00
-1.28249672e+00
-9.15495703e-01
-1.01075920e+00
-6.78039670e-01
-8.16057132e-01
-6.92565040e-01
-8.26872273e-01
-9.77979520e-01
-1.42233425e-01
-4.27831138e-01
-1.58389248e-01
-1.21286265e-01
-1.21731456e-01
-2.00948959e-01
4.33800185e-02
2.81576735e-01
-2.80675244e-01
-7.15565447e-02
9.96161632e-01
3.02412237e-01
1.21686686e-01
6.72418921e-02
