-2.88799512e+00
-2.61078275e+00
-2.79253322e+00
-2.67743771e+00
-2.83736429e+00
-2.81350990e+00
-2.80891546e+00
-2.86806599e+00
-2.61830812e+00
-2.76577015e+00
-2.69220331e+00
-2.62471732e+00
-2.53868192e+00
-2.51733416e+00
-2.58328303e+00
-2.49934274e+00
-2.27095435e+00
-2.35402993e+00
-2.24798924e+00
-2.11764005e+00
-2.00226681e+00
-1.99197353e+00
-1.58352847e+00
-1.40834317e+00
-1.36222954e+00
-1.13936635e+00
-8.73450955e-01
-5.49929891e-01
-4.49117951e-01
7.93816344e-02
1.41146994e-01
7.94871259e-01
1.04305615e+00
1.06687182e+00
1.57408353e+00
1.66661921e+00
1.98339426e+00
2.07684551e+00
2.34880075e+00
2.09588679e+00
2.23990722e+00
2.65225502e+00
2.35140376e+00
2.49419295e+00
2.16706868e+00
2.34275270e+00
1.96939520e+00
1.77350029e+00
1.99563918e+00
1.94961619e+00
1.05276439e+00
1.51680506e+00
1.35510780e+00
1.15890073e+00
9.70826749e-01
6.04163037e-01
4.79052559e-01
4.00417140e-01
3.38348306e-02
3.28693532e-01
-9.31157900e-02
-4.99324898e-01
1.58694630e-01
-5.41984896e-01
-4.19542838e-01
-8.30241430e-01
-9.81775107e-01
-5.13816343e-01
-8.80006828e-01
-6.77539983e-01
-9.02870600e-01
-1.03299386e+00
-1.10766493e+00
-1.13178771e+00
-1.02491853e+00
-1.22188715e+00
-8.68870864e-01
-1.17986557e+00
-9.82707104e-01
-7.06811642e-01
-9.52951283e-01
-1.01050198e+00
-9.90741358e-01
-7.44859252e-01
-6.72553253e-01
-8.20280975e-01
-2.40201098e-01
-4.28416990e-01
-7.06477487e-01
-3.63696430e-01
-8.99707243e-02
7.09266040e-02
-5.86468097e-02
-1.43719615e-01
4.21784259e-01
2.85766452e-01
2.20051662e-01
1.27892147e+00
3.07599772e-01
9.03442392e-01
