-2.37211378e+00
-2.46209366e+00
-2.40223092e+00
-2.24261034e+00
-2.32420297e+00
-2.50161610e+00
-2.33430407e+00
-2.54002443e+00
-2.26724683e+00
-2.39075519e+00
-2.12598116e+00
-2.25654984e+00
-2.16321278e+00
-2.09590329e+00
-2.06497255e+00
-2.07083268e+00
-2.04546954e+00
-1.91710614e+00
-1.93188945e+00
-1.75327935e+00
-1.84814845e+00
-1.67374552e+00
-1.25805718e+00
-1.53699046e+00
-1.44169750e+00
-1.11735836e+00
-1.02179402e+00
-1.01843021e+00
-6.20346342e-01
-3.25067176e-01
-6.26269506e-01
2.86263526e-02
2.47017275e-01
6.37356664e-01
7.83776761e-01
8.44630342e-01
1.08155488e+00
1.37584002e+00
1.32614899e+00
1.43226028e+00
1.80802775e+00
1.56875423e+00
1.87235492e+00
1.90918100e+00
1.73632856e+00
1.85321017e+00
1.66461512e+00
1.73375358e+00
1.60625374e+00
1.26315689e+00
1.32916464e+00
1.35330786e+00
1.02742874e+00
1.47961411e+00
7.09049332e-01
5.19482835e-01
7.00280053e-01
5.09207914e-01
4.28794187e-01
2.53935557e-01
-9.55790061e-02
6.49304728e-02
-1.99997886e-01
-8.21081324e-02
-4.26895387e-01
-2.44104552e-01
-4.09582335e-01
-3.44139294e-01
-5.58480922e-01
-8.28505351e-01
-6.54450403e-01
-9.12769080e-01
-5.59635489e-01
-8.07738438e-01
-1.02548153e+00
-7.54459417e-01
-1.20835921e+00
-1.07365362e+00
-1.16806266e+00
-3.50867376e-01
-1.14221969e+00
-7.39832547e-01
-1.01913857e+00
-9.15127761e-01
-6.40683896e-01
-1.09493128e+00
-4.49662360e-01
-4.36449630e-01
-1.46862395e-01
1.88560437e-02
-2.65014892e-02
3.66246590e-01
-2.43802716e-01
3.38991710e-01
1.49774933e-01
6.41321786e-01
1.27982714e-01
1.37548423e+00
-1.95101386e-02
6.11576678e-01
