-2.34574893e+00
-2.36426852e+00
-2.31400656e+00
-2.28838783e+00
-2.47678509e+00
-2.31046329e+00
-2.28465978e+00
-2.23658085e+00
-2.19476624e+00
-2.20985472e+00
-2.17213025e+00
-2.03981415e+00
-2.24784497e+00
-1.97515580e+00
-2.06718562e+00
-2.06423787e+00
-2.07476584e+00
-1.91839026e+00
-1.93872962e+00
-1.77651058e+00
-1.74940953e+00
-1.66547560e+00
-1.53904236e+00
-1.71912047e+00
-1.56901580e+00
-1.23799909e+00
-1.23244839e+00
-1.14631461e+00
-7.04377035e-01
-6.94393415e-01
-7.92857722e-01
-3.13163293e-01
-5.82817259e-02
1.04538050e-01
3.22863691e-01
5.01765409e-01
7.82515950e-01
1.09767261e+00
1.05853062e+00
1.13714768e+00
1.51784490e+00
1.87324608e+00
1.66963677e+00
1.92615323e+00
1.64818963e+00
1.89042573e+00
1.59676261e+00
1.69248742e+00
1.87381793e+00
1.46020445e+00
1.58234889e+00
1.49669473e+00
1.57485464e+00
1.33642057e+00
1.19264830e+00
1.00977333e+00
1.07143583e+00
9.67779020e-01
6.29346315e-01
6.61243191e-01
5.70785585e-01
-1.61075686e-02
1.15883551e-01
-6.91414882e-02
-2.22632657e-01
-1.60966468e-01
-3.58662447e-01
-5.34316680e-01
-2.91011209e-01
-8.81902338e-01
-7.23787163e-01
-8.87354780e-01
-8.53919324e-01
-8.65395800e-01
-8.33098338e-01
-1.11072823e+00
-1.06145897e+00
-7.72308513e-01
-8.39806099e-01
-9.38367082e-01
-1.15256680e+00
-8.87678230e-01
-8.18192959e-01
-8.98523941e-01
-6.96480934e-01
-8.77216128e-01
-6.74112105e-01
-7.75848951e-01
-2.35888485e-01
-1.88861426e-01
-5.41249024e-04
-3.53815830e-01
1.25961044e-01
2.42075440e-01
-2.49402396e-02
2.62690311e-01
8.31465035e-01
9.23649824e-01
3.72618572e-01
6.50228422e-01
