-2.48014967e+00
-2.61101699e+00
-2.42106537e+00
-2.66760438e+00
-2.66165714e+00
-2.60457538e+00
-2.69549702e+00
-2.57181709e+00
-2.71979516e+00
-2.62549923e+00
-2.57179968e+00
-2.61152521e+00
-2.44735612e+00
-2.31526586e+00
-2.34423607e+00
-2.41442330e+00
-2.36185620e+00
-2.34787868e+00
-1.99732790e+00
-1.89496737e+00
-1.95000814e+00
-1.80153857e+00
-1.64423746e+00
-1.46134923e+00
-1.28912121e+00
-1.04680002e+00
-9.17032529e-01
-5.64017507e-01
-3.32657528e-01
-1.62914462e-01
4.22708378e-01
6.98532924e-01
8.67330363e-01
1.21684975e+00
1.39170972e+00
1.83582055e+00
1.96852517e+00
1.78806438e+00
2.28760857e+00
2.24214564e+00
2.53973754e+00
2.43917262e+00
2.47033977e+00
2.62615561e+00
2.16695303e+00
2.47654992e+00
2.17318400e+00
1.88838969e+00
2.47357352e+00
1.74999577e+00
1.49785163e+00
1.08350149e+00
1.35187617e+00
1.15664963e+00
1.28146556e+00
6.03228072e-01
2.89965395e-01
1.72906380e-01
2.08985531e-01
4.01550199e-01
8.92406278e-02
-1.44894546e-01
9.21750459e-02
-1.30563061e-01
-3.55887165e-01
-3.49959074e-01
-1.21548035e+00
-4.34960180e-01
-7.67974314e-01
-8.12767271e-01
-1.02446694e+00
-1.06749665e+00
-9.08995243e-01
-5.12567955e-01
-1.02382577e+00
-1.14009140e+00
-9.12277943e-01
-8.83437716e-01
-1.00208630e+00
-7.41570759e-01
-1.00153550e+00
-6.17180409e-01
-1.12105862e+00
-9.24956357e-01
-3.56728334e-01
-5.73955878e-01
5.40875324e-03
-5.76323533e-03
-1.89958931e-01
2.97906620e-02
1.63756718e-01
8.13981910e-01
-5.68539712e-02
7.18211086e-01
7.54940876e-01
6.89676708e-01
6.45683445e-01
8.45077916e-01
3.62452383e-01
9.76853356e-01
