-2.53243463e+00
-2.61802347e+00
-2.75476549e+00
-2.64419673e+00
-2.60999619e+00
-2.74491029e+00
-2.73810013e+00
-2.82976288e+00
-2.74661231e+00
-2.73216191e+00
-2.74587501e+00
-2.68496670e+00
-2.64232421e+00
-2.62931993e+00
-2.71022275e+00
-2.41619461e+00
-2.25460742e+00
-2.40279346e+00
-2.18647813e+00
-2.18369098e+00
-1.87805655e+00
-1.84547068e+00
-1.71522645e+00
-1.55243509e+00
-1.26566800e+00
-1.17473081e+00
-5.93684214e-01
-5.18724425e-01
-3.84208490e-01
-7.95565983e-02
3.05354435e-01
4.21431972e-01
9.00208317e-01
9.49108682e-01
1.24606437e+00
1.64555476e+00
1.51346807e+00
1.88054640e+00
2.08046933e+00
2.32804320e+00
2.22444272e+00
2.42752641e+00
2.44525282e+00
2.71100950e+00
2.05842230e+00
2.43416175e+00
2.16263632e+00
1.98490170e+00
1.88984353e+00
1.69361209e+00
1.42096874e+00
1.42310188e+00
1.40027502e+00
1.05601150e+00
8.07082435e-01
7.96832668e-01
4.33315034e-01
2.79572062e-01
2.44896488e-01
4.97973283e-02
-1.20605437e-01
-3.93457564e-01
-1.43145117e-01
-3.77688596e-01
-5.27281778e-01
-9.91922568e-01
-9.12594637e-01
-7.26221733e-01
-8.38344454e-01
-9.33637200e-01
-8.00415550e-01
-1.33025521e+00
-8.75820695e-01
-8.21165398e-01
-7.27700182e-01
-1.14150964e+00
-1.02307267e+00
-8.69601167e-01
-8.59427488e-01
-6.34909138e-01
-8.45844859e-01
-8.72687599e-01
-6.15184354e-01
-9.69925883e-01
-2.20762728e-01
-4.75557998e-01
-2.69093328e-01
-6.24016467e-01
3.05381699e-02
-3.99204246e-01
2.58452268e-01
4.75168789e-01
4.17592245e-02
4.75720309e-01
1.01477677e+00
1.58064720e-01
6.52373326e-01
1.13538101e+00
1.61751298e-01
1.42749885e+00
