-4.23770190e-01
-6.75846216e-01
-4.66578395e-01
-4.84128799e-01
-4.92235476e-01
-6.83735534e-01
-6.06976175e-01
-6.33988749e-01
-5.00751102e-01
-5.68076356e-01
-6.77930666e-01
-5.15566225e-01
-5.80323803e-01
-6.41032864e-01
-5.48024590e-01
-5.51052511e-01
-3.69568667e-01
-6.41342667e-01
-6.54046669e-01
-3.79385465e-01
-3.75806047e-01
-4.92390186e-01
-2.74608852e-01
-5.50935745e-01
-5.55214616e-01
-3.88687842e-01
-4.81149212e-01
-5.18075208e-01
-3.99799326e-01
-1.30998701e-01
-5.15812954e-01
-3.09551914e-01
1.33982077e-02
-6.22254282e-02
-2.30849832e-01
-2.99762303e-01
-2.72739610e-01
-4.91585650e-01
-3.51758492e-01
6.40981760e-02
-9.13206650e-02
-2.05727666e-01
-2.45009763e-01
-7.63275838e-02
2.10659636e-01
-7.40798931e-02
1.35156737e-01
7.62575525e-02
1.86023117e-01
1.33420880e-02
4.49075556e-02
-8.13659397e-02
-5.18344112e-02
-2.03513707e-01
-4.03332605e-01
-7.70145637e-02
8.67776901e-02
-7.77352370e-02
-4.31952626e-01
-2.26845986e-01
-2.34625521e-02
-1.97553220e-01
-7.16452929e-02
-1.37026636e-01
-1.07006421e-02
-1.50316032e-01
-5.98991575e-01
8.07245090e-02
-8.45353982e-02
-1.52732549e-01
-2.46470299e-01
-3.37348577e-01
1.09994038e-01
1.47958318e-01
-2.76694978e-02
-1.55754436e-01
-1.67413475e-01
-2.22245606e-01
-1.01659578e-01
-2.80251760e-01
-4.95389510e-02
-7.76226265e-02
-1.95335106e-01
-3.99584559e-01
-7.44493439e-02
-3.35760121e-01
-3.17435854e-01
-1.82359233e-01
4.46139148e-01
-1.89097954e-02
1.06165019e-01
-3.20716381e-01
2.36330464e-01
1.07379243e-01
4.67509236e-01
-4.76897095e-01
3.28183644e-01
4.44208044e-01
-4.68229848e-01
1.52320647e-01
