-2.43218363e+00
-2.50854746e+00
-2.56582087e+00
-2.60842930e+00
-2.60243049e+00
-2.70000865e+00
-2.59876893e+00
-2.81101651e+00
-2.36964844e+00
-2.31722860e+00
-2.47265898e+00
-2.46748499e+00
-2.49428821e+00
-2.46623885e+00
-2.57356048e+00
-2.37306424e+00
-2.16482827e+00
-2.06055644e+00
-2.01335689e+00
-1.79869206e+00
-1.86436782e+00
-1.54216926e+00
-1.31288507e+00
-1.29949007e+00
-1.10983957e+00
-1.01809379e+00
-7.26467454e-01
-4.35929016e-01
-2.85624031e-01
-7.72819724e-02
5.14673790e-01
6.27891911e-01
7.88670989e-01
1.09078990e+00
1.31614399e+00
1.45537775e+00
1.75772712e+00
2.06370998e+00
2.16915011e+00
2.50945051e+00
2.15332314e+00
2.63199177e+00
1.96422567e+00
2.61787243e+00
2.19452371e+00
2.28746845e+00
2.25005749e+00
1.76765097e+00
1.90077108e+00
1.85468289e+00
1.53572494e+00
1.35596946e+00
1.41387467e+00
9.68716985e-01
7.43664542e-01
7.74479874e-01
6.43678125e-01
3.28177654e-01
2.56066757e-01
6.50315080e-02
1.49535660e-01
-1.48391706e-01
-1.48056748e-01
-4.96625228e-01
-5.46786120e-01
-2.36671191e-01
-5.15429329e-01
-7.00256407e-01
-6.15994951e-01
-9.34621202e-01
-7.53520686e-01
-9.39592472e-01
-9.42804375e-01
-1.12425280e+00
-8.69682243e-01
-9.52829641e-01
-8.09392417e-01
-8.06912737e-01
-9.44650856e-01
-8.38969196e-01
-8.44585906e-01
-5.61461261e-01
-8.38576130e-01
-9.01578618e-01
-3.97260879e-01
-4.73653998e-01
-1.05216808e-01
-5.76079199e-01
-1.80383661e-01
-5.00720356e-01
4.64485541e-01
5.09944222e-01
3.03643511e-01
1.72317423e-01
2.89954327e-01
1.28215741e+00
7.13439999e-01
8.92785688e-02
1.30797856e-01
6.14598791e-01
