-2.71492130e+00
-3.00051343e+00
-2.91983954e+00
-2.91012359e+00
-2.89560587e+00
-2.88385128e+00
-2.98546098e+00
-2.96179850e+00
-2.75086281e+00
-2.90389581e+00
-2.93241978e+00
-2.68009428e+00
-2.86294832e+00
-2.61617936e+00
-2.80253524e+00
-2.65658578e+00
-2.42584746e+00
-2.55144761e+00
-2.41656636e+00
-2.30903927e+00
-2.26944759e+00
-1.92967451e+00
-1.67278453e+00
-1.69599730e+00
-1.31615336e+00
-1.01052623e+00
-1.12338558e+00
-6.71910496e-01
-2.90561553e-01
-1.06955603e-01
4.32027660e-01
6.63276521e-01
9.01601677e-01
9.44921885e-01
1.41551448e+00
1.88299138e+00
2.14709025e+00
2.15406436e+00
2.43887095e+00
2.52256639e+00
2.51807983e+00
2.34895070e+00
2.77533362e+00
2.73958266e+00
2.44498137e+00
2.46863220e+00
2.30451611e+00
2.21550149e+00
2.11794844e+00
1.48097582e+00
1.61120793e+00
1.21116453e+00
9.54201430e-01
1.01907057e+00
7.85267787e-01
6.02610138e-01
2.53963988e-01
2.39566491e-01
-6.83017028e-02
-1.39962505e-01
4.34320840e-03
-4.76482140e-01
-1.72363885e-01
-4.77043037e-01
-4.64819263e-01
-7.70982795e-01
-1.07469132e+00
-8.74872320e-01
-1.06132724e+00
-1.11460823e+00
-9.84877468e-01
-9.01267147e-01
-7.19447273e-01
-9.95047564e-01
-1.05648506e+00
-1.09300025e+00
-1.28716512e+00
-1.20730180e+00
-1.26709623e+00
-9.32914906e-01
-8.07498979e-01
-8.88838615e-01
-1.19045543e+00
-7.23805615e-01
-4.59723594e-01
-9.19629682e-01
-3.04442484e-01
-5.47825310e-01
-2.21841634e-01
-1.72508457e-01
6.66035973e-02
8.56713558e-02
-3.16379269e-01
5.00185414e-01
2.73466341e-01
2.46848731e-01
1.95736320e-01
-7.95952034e-02
1.96137532e-01
6.10879661e-01
