-2.56288967e+00
-2.80531299e+00
-2.90529696e+00
-2.99118667e+00
-2.89867774e+00
-3.06328593e+00
-3.00301631e+00
-3.33973867e+00
-2.96290785e+00
-3.10476731e+00
-2.84786451e+00
-2.90128194e+00
-2.95603914e+00
-2.84195404e+00
-2.63192003e+00
-2.58585428e+00
-2.58164554e+00
-2.56867667e+00
-2.38886090e+00
-2.34148292e+00
-2.04086939e+00
-1.86150350e+00
-1.76307592e+00
-1.67103075e+00
-1.32711407e+00
-8.99496108e-01
-8.60496936e-01
-5.96746709e-01
-1.87759034e-01
3.42866973e-02
3.98190310e-01
1.01650615e+00
8.39675264e-01
1.31315220e+00
1.76705685e+00
1.91308279e+00
2.16162494e+00
2.22906592e+00
2.78938513e+00
2.66998733e+00
2.50958407e+00
2.67655426e+00
2.67998944e+00
2.64730684e+00
2.66537589e+00
2.39657724e+00
2.26597509e+00
2.05081763e+00
2.24216923e+00
2.03765518e+00
1.40412103e+00
1.55642375e+00
6.70554121e-01
7.60004718e-01
3.17440998e-01
6.90554317e-01
2.02284372e-01
2.87301838e-01
-2.04795066e-01
2.60759575e-01
-2.55776303e-01
-5.56606843e-01
-5.32017802e-02
-4.51645131e-01
-7.68921034e-01
-8.93966571e-01
-1.34091410e+00
-8.74662291e-01
-1.12439048e+00
-1.02649461e+00
-1.02180316e+00
-1.03660188e+00
-1.18929067e+00
-1.32738932e+00
-9.87043569e-01
-1.19676517e+00
-7.86882736e-01
-1.04314878e+00
-1.15753873e+00
-1.22073336e+00
-1.10029575e+00
-7.31441519e-01
-5.90130305e-01
-1.02531785e+00
-7.92123861e-01
-8.55970271e-01
-3.08859804e-01
-5.29262559e-02
-9.81465289e-03
1.15648834e-01
-4.58826525e-01
-3.54434002e-01
-4.00259224e-02
-1.22704212e-01
-6.14825757e-03
3.02013063e-01
2.92270283e-01
5.76253405e-01
-1.71877468e-02
9.04197435e-01
