-2.52588606e+00
-2.60008541e+00
-2.66914478e+00
-2.77043523e+00
-2.67282307e+00
-2.59542580e+00
-2.66494645e+00
-2.69963319e+00
-2.43281936e+00
-2.40889508e+00
-2.52816170e+00
-2.41134249e+00
-2.48110849e+00
-2.40027595e+00
-2.33980629e+00
-2.18768890e+00
-2.04546969e+00
-2.13823491e+00
-1.86702491e+00
-1.95985297e+00
-1.67582710e+00
-1.72122075e+00
-1.60025054e+00
-1.34801912e+00
-1.23841692e+00
-1.05204724e+00
-1.01648459e+00
-9.77864028e-01
-5.42359862e-01
-3.51703398e-01
-2.44582985e-01
2.84668934e-01
2.64351391e-01
7.18188563e-01
7.67823756e-01
1.14296272e+00
1.21261910e+00
1.14358353e+00
1.34596948e+00
1.49290076e+00
1.66623170e+00
1.74249690e+00
1.87778210e+00
1.76682923e+00
1.50552367e+00
1.75915073e+00
1.43028600e+00
1.53418727e+00
1.32843294e+00
1.52946717e+00
1.21226348e+00
1.31186913e+00
9.41668108e-01
6.15882956e-01
4.12783306e-01
4.12629229e-01
5.15301836e-01
1.27533561e-01
-6.15083096e-03
1.39444944e-01
1.10050147e-01
-1.31800339e-01
-1.61679594e-01
-1.46147907e-01
-4.04746052e-01
-4.29183615e-01
-7.93226155e-01
-1.00706320e-01
-7.52850078e-01
-4.85305616e-01
-8.45034963e-01
-8.78623245e-01
-5.78994092e-01
-8.23393040e-01
-1.01831100e+00
-7.86096855e-01
-6.55359656e-01
-1.02831090e+00
-7.29482959e-01
-4.16478937e-01
-8.27661744e-01
-6.41219563e-01
-5.47091971e-01
-3.52895903e-01
-3.06924511e-01
-2.25435653e-01
-2.17765664e-01
-3.98958086e-01
1.80230317e-01
-2.11857796e-01
-2.31432326e-01
5.61095864e-01
6.19888908e-01
-1.10228287e-03
3.51910472e-01
7.30362615e-01
7.94583852e-01
1.41727717e+00
6.00716624e-01
7.36030191e-01
