-2.74293438e+00
-2.56852223e+00
-2.80299484e+00
-2.64388404e+00
-2.65497857e+00
-2.60551820e+00
-2.57778519e+00
-2.61151274e+00
-2.58270370e+00
-2.57258391e+00
-2.73367686e+00
-2.62935933e+00
-2.50411134e+00
-2.46598667e+00
-2.27353216e+00
-2.48335995e+00
-2.17413814e+00
-2.20121438e+00
-2.00288917e+00
-1.87733561e+00
-1.85020519e+00
-1.78694216e+00
-1.81079278e+00
-1.63950440e+00
-1.30031934e+00
-1.39135567e+00
-9.13669483e-01
-9.07379064e-01
-5.25372806e-01
2.17198498e-02
-1.56936154e-01
6.23763807e-01
6.15245025e-01
8.95686433e-01
1.17079160e+00
1.57248116e+00
1.34457681e+00
1.89416391e+00
1.92873982e+00
2.12307603e+00
2.49703340e+00
2.34966519e+00
2.34831889e+00
2.17034448e+00
2.06687747e+00
2.31286080e+00
2.26019222e+00
1.48244855e+00
1.97245340e+00
2.06424661e+00
1.58776623e+00
1.81583826e+00
1.35950652e+00
9.80681916e-01
8.23763322e-01
5.06284531e-01
7.89116044e-01
2.45617520e-01
3.12817070e-01
2.76707667e-01
5.34123357e-01
-1.86096731e-01
1.17620171e-01
-1.15441214e-01
-3.92343151e-01
-5.80651580e-01
-8.90711839e-01
-4.78379468e-01
-7.34338761e-01
-9.95786827e-01
-7.82123669e-01
-1.13918646e+00
-1.00535630e+00
-1.11224738e+00
-9.74327290e-01
-1.03443922e+00
-1.06892787e+00
-1.02536524e+00
-1.01615151e+00
-6.36099408e-01
-7.61511539e-01
-6.38690595e-01
-8.47309492e-01
-6.58976684e-01
-5.06266737e-01
-5.09468299e-01
-5.13642483e-01
-3.96343939e-01
2.03139442e-01
-1.73447909e-01
3.33375882e-01
2.20749771e-01
1.05759930e-01
8.49425229e-01
1.17252646e+00
5.28964387e-01
1.08754893e+00
6.66246114e-01
6.18799782e-01
1.51823342e+00
