-2.65417281e+00
-2.73175261e+00
-2.69315462e+00
-2.64196358e+00
-2.74108114e+00
-2.66725084e+00
-2.82263439e+00
-2.94356408e+00
-2.73677248e+00
-2.65352503e+00
-2.81220102e+00
-2.67347884e+00
-2.67204939e+00
-2.68053251e+00
-2.50081045e+00
-2.43977603e+00
-2.38772023e+00
-2.32882486e+00
-2.27142486e+00
-2.02058608e+00
-1.81839530e+00
-1.57965162e+00
-1.57592782e+00
-1.71879659e+00
-1.36759019e+00
-1.11498971e+00
-6.15203099e-01
-7.31061298e-01
-4.19252734e-01
1.17522851e-02
2.16994113e-01
5.40226226e-01
7.08208629e-01
1.07617243e+00
1.54340139e+00
1.66458222e+00
1.79396717e+00
1.78305921e+00
2.48665106e+00
2.40422071e+00
2.42513960e+00
2.52865626e+00
2.41412362e+00
2.71063575e+00
2.41045812e+00
2.09972462e+00
2.45647751e+00
2.22354411e+00
1.86093665e+00
1.90074172e+00
1.55324609e+00
1.55965589e+00
1.14701652e+00
1.04995516e+00
9.74318793e-01
5.61727783e-01
6.92756172e-01
3.87548731e-01
2.27429769e-01
3.42269847e-01
-1.18539914e-01
-2.02658365e-01
6.64424881e-02
-4.85485784e-01
-5.13636438e-01
-9.30986429e-01
-1.19311842e+00
-6.04515464e-01
-7.58382499e-01
-8.74023854e-01
-1.02925290e+00
-7.43156030e-01
-9.46557615e-01
-9.34959789e-01
-8.18708083e-01
-1.07308250e+00
-1.01677038e+00
-1.15969439e+00
-9.81816240e-01
-7.73545917e-01
-8.69350381e-01
-1.05287996e+00
-1.05673160e+00
-6.19694155e-01
-7.75326434e-01
-3.78105264e-01
-4.16436959e-01
-2.70550136e-01
-8.56870131e-02
1.92258578e-02
-3.46101306e-01
3.75713576e-01
2.08744971e-01
3.62089008e-01
6.49401968e-01
-4.20170117e-02
9.88580873e-01
8.83621179e-01
1.29185409e+00
1.28237798e+00
