-2.62464433e+00
-2.99841052e+00
-3.02536256e+00
-2.79665571e+00
-2.74768910e+00
-2.97376414e+00
-2.79442802e+00
-2.76222373e+00
-2.88697274e+00
-2.83426474e+00
-2.80067005e+00
-2.78893999e+00
-2.67257453e+00
-2.72972461e+00
-2.79374187e+00
-2.63645312e+00
-2.40261562e+00
-2.45832225e+00
-2.54160338e+00
-2.05485606e+00
-2.12939957e+00
-1.95966930e+00
-1.61318348e+00
-1.59199746e+00
-1.45083593e+00
-1.14713100e+00
-1.01176905e+00
-6.75279562e-01
-3.11030717e-01
-4.79334526e-02
2.44017496e-01
6.24410048e-01
5.98462738e-01
1.20131066e+00
1.53742861e+00
1.79044742e+00
1.89611455e+00
1.97777534e+00
2.34716753e+00
2.39968382e+00
2.29425028e+00
2.69320063e+00
2.58473227e+00
2.43543338e+00
2.40225943e+00
2.02033781e+00
2.30071545e+00
2.10567504e+00
1.92913345e+00
1.96264542e+00
1.17828576e+00
9.57115314e-01
1.04775716e+00
1.19254341e+00
5.68639516e-01
6.10296266e-01
3.91043147e-01
8.80479752e-03
4.80916738e-01
-9.08193415e-02
-7.86959928e-02
-2.39517118e-01
1.54906539e-01
-4.84087812e-01
-7.09938378e-01
-8.47480978e-01
-9.23163963e-01
-1.06249557e+00
-7.88431298e-01
-1.05623416e+00
-8.30830956e-01
-1.33784716e+00
-8.19534395e-01
-7.52448030e-01
-9.55276264e-01
-1.22262979e+00
-1.08525865e+00
-1.06868940e+00
-1.33463929e+00
-6.79223189e-01
-9.89527521e-01
-9.00146669e-01
-7.70220639e-01
-8.65419338e-01
-6.80569914e-01
-5.28822037e-01
-3.05726437e-01
-5.43182600e-01
4.16493234e-03
4.16041660e-02
-3.20801839e-01
2.08069334e-01
3.70709999e-01
-2.07300180e-01
3.55613683e-01
4.35349996e-01
9.02278909e-01
7.74199904e-01
4.13614435e-01
8.65488570e-01
