-2.48915644e+00
-2.79423525e+00
-2.75114323e+00
-2.68646158e+00
-2.79980073e+00
-2.84716170e+00
-2.61367008e+00
-2.73827463e+00
-2.73811786e+00
-2.67317310e+00
-2.68539591e+00
-2.85971096e+00
-2.54465391e+00
-2.61883851e+00
-2.55189420e+00
-2.53156858e+00
-2.47523081e+00
-2.23529085e+00
-2.26943335e+00
-2.09245556e+00
-1.96182047e+00
-1.90725965e+00
-1.62152754e+00
-1.55563016e+00
-1.34397263e+00
-1.00631704e+00
-8.58891218e-01
-7.11067465e-01
-5.23046178e-01
-1.41955671e-01
1.47003941e-01
6.10914450e-01
6.60765152e-01
8.97687360e-01
1.20190822e+00
1.41993380e+00
1.79385644e+00
1.75282250e+00
2.51546964e+00
2.62726455e+00
2.27132292e+00
2.72318444e+00
2.61863215e+00
2.95107659e+00
2.27192439e+00
2.62988126e+00
2.25070387e+00
2.29359044e+00
2.34836307e+00
2.14447020e+00
1.84622381e+00
1.84742770e+00
1.23131524e+00
1.01523209e+00
9.63915194e-01
1.04114935e+00
5.82921227e-01
2.87584135e-01
3.34285194e-01
3.47306067e-01
-8.25137842e-02
-2.80986462e-01
-2.05455159e-01
-3.21435117e-01
-5.05026200e-01
-6.67178940e-01
-8.89372109e-01
-8.10525103e-01
-8.83324720e-01
-1.07299839e+00
-8.38829447e-01
-1.18292384e+00
-5.82094602e-01
-8.76752656e-01
-1.32534113e+00
-9.59312966e-01
-7.05780330e-01
-1.00622950e+00
-1.31376405e+00
-8.80221087e-01
-7.18563262e-01
-5.05166262e-01
-7.45483700e-01
-8.77231030e-01
-6.77086550e-01
-4.18951253e-01
-3.20240810e-01
-3.05088781e-01
-1.96396710e-01
-2.69621307e-01
1.15435104e-01
3.13014367e-01
2.60964933e-01
4.47234447e-01
1.46672744e-01
1.03547499e+00
8.84355367e-01
1.57606597e+00
5.93781253e-01
2.38458644e+00
