-2.69111341e+00
-2.85039907e+00
-2.85077777e+00
-2.95533816e+00
-2.83293792e+00
-3.06134116e+00
-2.87141392e+00
-3.05977965e+00
-2.82084202e+00
-3.05245472e+00
-2.94521055e+00
-2.95179176e+00
-2.87153147e+00
-2.82743791e+00
-2.76009198e+00
-2.52539946e+00
-2.66805859e+00
-2.51099244e+00
-2.37930612e+00
-2.25712038e+00
-2.32584293e+00
-1.98103577e+00
-1.66261947e+00
-1.58719137e+00
-1.32265664e+00
-9.60807670e-01
-9.63649707e-01
-5.17040416e-01
-2.44945891e-01
2.56051070e-01
5.90074559e-01
7.75373451e-01
1.18770915e+00
1.38207199e+00
1.69000818e+00
1.95779936e+00
1.96299411e+00
1.83542230e+00
2.56219592e+00
2.93969327e+00
2.64221687e+00
2.66283320e+00
2.81460667e+00
2.50986082e+00
2.29679876e+00
2.20517173e+00
2.22790770e+00
1.91562450e+00
2.39690599e+00
1.65530285e+00
1.47997143e+00
1.38753557e+00
1.33532727e+00
9.99646798e-01
6.43926222e-01
3.50497198e-01
4.24336130e-01
3.41532359e-01
4.45171495e-02
1.10497881e-01
-1.08996104e-01
-3.56474627e-01
-3.12514590e-01
-4.55261218e-01
-1.01054128e+00
-1.06289890e+00
-1.04634124e+00
-8.33382734e-01
-1.33224079e+00
-8.82246489e-01
-1.07692811e+00
-9.51929483e-01
-6.94359705e-01
-8.05000655e-01
-1.11120278e+00
-1.25750411e+00
-1.07469316e+00
-1.05813070e+00
-1.51260466e+00
-1.04373617e+00
-9.80646435e-01
-7.26555737e-01
-8.08584969e-01
-6.68292726e-01
-7.21493773e-01
-2.18489152e-01
-2.89706975e-01
-2.70176148e-01
1.99386488e-01
-1.00307978e-01
-1.68241791e-01
-1.57479966e-01
1.29871433e-01
3.54239176e-01
6.99976561e-01
-1.12759725e-01
7.52703581e-01
1.19617031e+00
5.51351164e-01
2.49663315e-01
